Time (s) Auto	Angle (rad) Run #24
0.000	0.000
0.050	-0.002
0.100	0.000
0.150	0.009
0.200	0.027
0.250	0.060
0.300	0.110
0.350	0.185
0.400	0.289
0.450	0.424
0.500	0.594
0.550	0.798
0.600	1.037
0.650	1.308
0.700	1.604
0.750	1.918
0.800	2.238
0.850	2.554
0.900	2.851
0.950	3.112
1.000	3.321
1.050	3.459
1.100	3.514
1.150	3.475
1.200	3.343
1.250	3.121
1.300	2.818
1.350	2.444
1.400	2.011
1.450	1.528
1.500	1.015
1.550	0.484
1.600	-0.044
1.650	-0.551
1.700	-1.019
1.750	-1.434
1.800	-1.777
1.850	-2.034
1.900	-2.198
1.950	-2.259
2.000	-2.218
2.050	-2.075
2.100	-1.838
2.150	-1.513
2.200	-1.109
2.250	-0.644
2.300	-0.130
2.350	0.419
2.400	0.986
2.450	1.560
2.500	2.124
2.550	2.661
2.600	3.160
2.650	3.600
2.700	3.958
2.750	4.211
2.800	4.339
2.850	4.335
2.900	4.202
2.950	3.947
3.000	3.594
3.050	3.162
3.100	2.675
3.150	2.146
3.200	1.590
3.250	1.024
3.300	0.465
3.350	-0.072
3.400	-0.573
3.450	-1.021
3.500	-1.404
3.550	-1.714
3.600	-1.938
3.650	-2.073
3.700	-2.117
3.750	-2.073
3.800	-1.945
3.850	-1.737
3.900	-1.462
3.950	-1.129
4.000	-0.752
4.050	-0.342
4.100	0.088
4.150	0.529
4.200	0.969
4.250	1.400
4.300	1.811
4.350	2.198
4.400	2.553
4.450	2.867
4.500	3.135
4.550	3.352
4.600	3.509
4.650	3.600
4.700	3.622
4.750	3.574
4.800	3.457
4.850	3.285
4.900	3.058
4.950	2.785
5.000	2.469
5.050	2.119
5.100	1.742
5.150	1.348
5.200	0.944
5.250	0.539
5.300	0.145
5.350	-0.228
5.400	-0.570
5.450	-0.873
5.500	-1.129
5.550	-1.332
5.600	-1.473
5.650	-1.550
5.700	-1.560
5.750	-1.505
5.800	-1.387
5.850	-1.213
5.900	-0.986
5.950	-0.715
6.000	-0.407
6.050	-0.068
6.100	0.294
6.150	0.671
6.200	1.056
6.250	1.440
6.300	1.821
6.350	2.188
6.400	2.534
6.450	2.851
6.500	3.132
6.550	3.366
6.600	3.542
6.650	3.651
6.700	3.684
6.750	3.635
6.800	3.509
6.850	3.311
6.900	3.050
6.950	2.733
7.000	2.367
7.050	1.959
7.100	1.524
7.150	1.070
7.200	0.611
7.250	0.159
7.300	-0.273
7.350	-0.672
7.400	-1.027
7.450	-1.327
7.500	-1.563
7.550	-1.726
7.600	-1.814
7.650	-1.822
7.700	-1.753
7.750	-1.612
7.800	-1.403
7.850	-1.133
7.900	-0.811
7.950	-0.448
8.000	-0.053
8.050	0.361
8.100	0.789
8.150	1.221
8.200	1.646
8.250	2.058
8.300	2.446
8.350	2.802
8.400	3.120
8.450	3.387
8.500	3.591
8.550	3.723
8.600	3.776
8.650	3.746
8.700	3.635
8.750	3.449
8.800	3.197
8.850	2.889
8.900	2.532
8.950	2.136
9.000	1.709
9.050	1.264
9.100	0.812
9.150	0.366
9.200	-0.063
9.250	-0.465
9.300	-0.828
9.350	-1.140
9.400	-1.395
9.450	-1.582
9.500	-1.700
9.550	-1.742
9.600	-1.711
9.650	-1.608
9.700	-1.442
9.750	-1.214
9.800	-0.938
9.850	-0.619
9.900	-0.265
9.950	0.112
10.000	0.503
10.050	0.900
10.100	1.297
10.150	1.689
10.200	2.062
10.250	2.414
10.300	2.736
10.350	3.022
10.400	3.264
10.450	3.453
10.500	3.580
10.550	3.636
10.600	3.622
10.650	3.534
10.700	3.380
10.750	3.164
10.800	2.892
10.850	2.570
10.900	2.209
10.950	1.814
11.000	1.396
11.050	0.968
11.100	0.536
11.150	0.116
11.200	-0.283
11.250	-0.649
11.300	-0.972
11.350	-1.244
11.400	-1.455
11.450	-1.601
11.500	-1.674
11.550	-1.678
11.600	-1.608
11.650	-1.475
11.700	-1.279
11.750	-1.030
11.800	-0.735
11.850	-0.404
11.900	-0.042
11.950	0.338
12.000	0.727
12.050	1.123
12.100	1.514
12.150	1.894
12.200	2.257
12.250	2.593
12.300	2.895
12.350	3.159
12.400	3.374
12.450	3.531
12.500	3.621
12.550	3.638
12.600	3.583
12.650	3.457
12.700	3.267
12.750	3.019
12.800	2.719
12.850	2.373
12.900	1.993
12.950	1.587
13.000	1.161
13.050	0.730
13.100	0.306
13.150	-0.101
13.200	-0.481
13.250	-0.822
13.300	-1.114
13.350	-1.351
13.400	-1.525
13.450	-1.630
13.500	-1.665
13.550	-1.630
13.600	-1.527
13.650	-1.362
13.700	-1.140
13.750	-0.872
13.800	-0.564
13.850	-0.223
13.900	0.140
13.950	0.517
14.000	0.902
14.050	1.285
14.100	1.662
14.150	2.025
14.200	2.367
14.250	2.680
14.300	2.956
14.350	3.193
14.400	3.382
14.450	3.512
14.500	3.578
14.550	3.575
14.600	3.501
14.650	3.363
14.700	3.165
14.750	2.914
14.800	2.614
14.850	2.271
14.900	1.898
14.950	1.499
15.000	1.085
15.050	0.668
15.100	0.256
15.150	-0.135
15.200	-0.500
15.250	-0.826
15.300	-1.104
15.350	-1.329
15.400	-1.491
15.450	-1.588
15.500	-1.615
15.550	-1.576
15.600	-1.470
15.650	-1.305
15.700	-1.089
15.750	-0.826
15.800	-0.525
15.850	-0.193
15.900	0.160
15.950	0.528
16.000	0.902
16.050	1.274
16.100	1.640
16.150	1.993
16.200	2.326
16.250	2.633
16.300	2.906
16.350	3.140
16.400	3.329
16.450	3.464
16.500	3.534
16.550	3.541
16.600	3.479
16.650	3.354
16.700	3.168
16.750	2.930
16.800	2.642
16.850	2.314
16.900	1.951
16.950	1.563
17.000	1.158
17.050	0.745
17.100	0.339
17.150	-0.052
17.200	-0.418
17.250	-0.748
17.300	-1.032
17.350	-1.264
17.400	-1.439
17.450	-1.547
17.500	-1.590
17.550	-1.566
17.600	-1.477
17.650	-1.326
17.700	-1.123
17.750	-0.873
17.800	-0.584
17.850	-0.264
17.900	0.082
17.950	0.441
18.000	0.811
18.050	1.180
18.100	1.544
18.150	1.898
18.200	2.234
18.250	2.543
18.300	2.823
18.350	3.066
18.400	3.266
18.450	3.415
18.500	3.506
18.550	3.533
18.600	3.492
18.650	3.388
18.700	3.225
18.750	3.007
18.800	2.738
18.850	2.427
18.900	2.080
18.950	1.703
19.000	1.308
19.050	0.903
19.100	0.498
19.150	0.105
19.200	-0.265
19.250	-0.606
19.300	-0.905
19.350	-1.156
19.400	-1.351
19.450	-1.484
19.500	-1.554
19.550	-1.557
19.600	-1.494
19.650	-1.371
19.700	-1.194
19.750	-0.968
19.800	-0.699
19.850	-0.397
19.900	-0.069
19.950	0.278
20.000	0.635
20.050	0.994
20.100	1.354
20.150	1.706
20.200	2.042
20.250	2.356
20.300	2.645
20.350	2.903
20.400	3.121
20.450	3.297
20.500	3.420
20.550	3.484
20.600	3.486
20.650	3.423
20.700	3.297
20.750	3.116
20.800	2.884
20.850	2.604
20.900	2.286
20.950	1.932
21.000	1.555
21.050	1.162
21.100	0.763
21.150	0.368
21.200	-0.011
21.250	-0.369
21.300	-0.691
21.350	-0.971
21.400	-1.200
21.450	-1.374
21.500	-1.486
21.550	-1.535
21.600	-1.517
21.650	-1.437
21.700	-1.301
21.750	-1.112
21.800	-0.878
21.850	-0.606
21.900	-0.302
21.950	0.027
22.000	0.371
22.050	0.723
22.100	1.078
22.150	1.428
22.200	1.770
22.250	2.095
22.300	2.399
22.350	2.675
22.400	2.920
22.450	3.126
22.500	3.289
22.550	3.401
22.600	3.456
22.650	3.449
22.700	3.382
22.750	3.256
22.800	3.076
22.850	2.846
22.900	2.571
22.950	2.259
23.000	1.913
23.050	1.543
23.100	1.158
23.150	0.768
23.200	0.383
23.250	0.011
23.300	-0.338
23.350	-0.653
23.400	-0.928
23.450	-1.155
23.500	-1.326
23.550	-1.439
23.600	-1.489
23.650	-1.478
23.700	-1.404
23.750	-1.277
23.800	-1.098
23.850	-0.875
23.900	-0.614
23.950	-0.322
24.000	-0.008
24.050	0.324
24.100	0.664
24.150	1.008
24.200	1.349
24.250	1.682
24.300	2.000
24.350	2.298
24.400	2.573
24.450	2.816
24.500	3.027
24.550	3.197
24.600	3.321
24.650	3.394
24.700	3.410
24.750	3.366
24.800	3.267
24.850	3.115
24.900	2.912
24.950	2.666
25.000	2.377
25.050	2.055
25.100	1.704
25.150	1.335
25.200	0.955
25.250	0.573
25.300	0.203
25.350	-0.152
25.400	-0.479
25.450	-0.768
25.500	-1.016
25.550	-1.213
25.600	-1.356
25.650	-1.437
25.700	-1.459
25.750	-1.420
25.800	-1.324
25.850	-1.177
25.900	-0.982
25.950	-0.746
26.000	-0.476
26.050	-0.179
26.100	0.138
26.150	0.468
26.200	0.806
26.250	1.144
26.300	1.477
26.350	1.799
26.400	2.106
26.450	2.392
26.500	2.652
26.550	2.881
26.600	3.076
26.650	3.228
26.700	3.335
26.750	3.388
26.800	3.387
26.850	3.327
26.900	3.214
26.950	3.049
27.000	2.837
27.050	2.579
27.100	2.286
27.150	1.957
27.200	1.604
27.250	1.235
27.300	0.858
27.350	0.481
27.400	0.116
27.450	-0.228
27.500	-0.543
27.550	-0.822
27.600	-1.054
27.650	-1.236
27.700	-1.363
27.750	-1.429
27.800	-1.437
27.850	-1.385
27.900	-1.279
27.950	-1.122
28.000	-0.920
28.050	-0.680
28.100	-0.408
28.150	-0.113
28.200	0.203
28.250	0.526
28.300	0.858
28.350	1.186
28.400	1.510
28.450	1.822
28.500	2.117
28.550	2.392
28.600	2.642
28.650	2.860
28.700	3.046
28.750	3.190
28.800	3.291
28.850	3.343
28.900	3.341
28.950	3.286
29.000	3.179
29.050	3.022
29.100	2.820
29.150	2.575
29.200	2.292
29.250	1.976
29.300	1.634
29.350	1.275
29.400	0.908
29.450	0.540
29.500	0.181
29.550	-0.160
29.600	-0.474
29.650	-0.754
29.700	-0.990
29.750	-1.178
29.800	-1.313
29.850	-1.390
29.900	-1.411
29.950	-1.371
30.000	-1.279
30.050	-1.136
30.100	-0.947
30.150	-0.719
30.200	-0.459
30.250	-0.173
30.300	0.132
30.350	0.449
30.400	0.774
30.450	1.100
30.500	1.422
30.550	1.733
30.600	2.029
30.650	2.309
30.700	2.564
30.750	2.790
30.800	2.983
30.850	3.140
30.900	3.255
30.950	3.324
31.000	3.340
31.050	3.302
31.100	3.211
31.150	3.071
31.200	2.886
31.250	2.655
31.300	2.384
31.350	2.080
31.400	1.747
31.450	1.395
31.500	1.030
31.550	0.663
31.600	0.302
31.650	-0.044
31.700	-0.368
31.750	-0.658
31.800	-0.908
31.850	-1.112
31.900	-1.264
31.950	-1.360
32.000	-1.400
32.050	-1.381
32.100	-1.307
32.150	-1.181
32.200	-1.010
32.250	-0.798
32.300	-0.551
32.350	-0.278
32.400	0.017
32.450	0.327
32.500	0.644
32.550	0.964
32.600	1.283
32.650	1.593
32.700	1.891
32.750	2.171
32.800	2.430
32.850	2.664
32.900	2.867
32.950	3.038
33.000	3.170
33.050	3.259
33.100	3.300
33.150	3.292
33.200	3.233
33.250	3.123
33.300	2.966
33.350	2.766
33.400	2.524
33.450	2.248
33.500	1.940
33.550	1.607
33.600	1.260
33.650	0.903
33.700	0.547
33.750	0.201
33.800	-0.129
33.850	-0.434
33.900	-0.704
33.950	-0.933
34.000	-1.117
34.050	-1.250
34.100	-1.329
34.150	-1.351
34.200	-1.318
34.250	-1.235
34.300	-1.103
34.350	-0.928
34.400	-0.716
34.450	-0.473
34.500	-0.204
34.550	0.083
34.600	0.383
34.650	0.691
34.700	1.002
34.750	1.307
34.800	1.605
34.850	1.893
34.900	2.163
34.950	2.411
35.000	2.637
35.050	2.834
35.100	2.999
35.150	3.129
35.200	3.219
35.250	3.263
35.300	3.258
35.350	3.206
35.400	3.105
35.450	2.958
35.500	2.768
35.550	2.537
35.600	2.270
35.650	1.971
35.700	1.648
35.750	1.307
35.800	0.957
35.850	0.605
35.900	0.259
35.950	-0.069
36.000	-0.375
36.050	-0.649
36.100	-0.883
36.150	-1.073
36.200	-1.213
36.250	-1.301
36.300	-1.334
36.350	-1.312
36.400	-1.238
36.450	-1.117
36.500	-0.952
36.550	-0.751
36.600	-0.517
36.650	-0.256
36.700	0.024
36.750	0.317
36.800	0.619
36.850	0.922
36.900	1.225
36.950	1.519
37.000	1.803
37.050	2.072
37.100	2.322
37.150	2.548
37.200	2.749
37.250	2.920
37.300	3.058
37.350	3.159
37.400	3.219
37.450	3.233
37.500	3.201
37.550	3.123
37.600	2.999
37.650	2.832
37.700	2.625
37.750	2.380
37.800	2.102
37.850	1.797
37.900	1.470
37.950	1.131
38.000	0.785
38.050	0.443
38.100	0.112
38.150	-0.201
38.200	-0.487
38.250	-0.738
38.300	-0.949
38.350	-1.114
38.400	-1.228
38.450	-1.290
38.500	-1.299
38.550	-1.255
38.600	-1.164
38.650	-1.027
38.700	-0.851
38.750	-0.641
38.800	-0.402
38.850	-0.141
38.900	0.137
38.950	0.424
39.000	0.718
39.050	1.013
39.100	1.304
39.150	1.587
39.200	1.857
39.250	2.113
39.300	2.347
39.350	2.560
39.400	2.749
39.450	2.908
39.500	3.035
39.550	3.127
39.600	3.179
39.650	3.190
39.700	3.154
39.750	3.076
39.800	2.953
39.850	2.790
39.900	2.587
39.950	2.347
40.000	2.077
40.050	1.778
40.100	1.459
40.150	1.128
40.200	0.792
40.250	0.456
40.300	0.130
40.350	-0.176
40.400	-0.457
40.450	-0.704
40.500	-0.911
40.550	-1.076
40.600	-1.191
40.650	-1.255
40.700	-1.268
40.750	-1.228
40.800	-1.144
40.850	-1.013
40.900	-0.844
40.950	-0.641
41.000	-0.410
41.050	-0.157
41.100	0.113
41.150	0.396
41.200	0.683
41.250	0.972
41.300	1.257
41.350	1.536
41.400	1.803
41.450	2.056
41.500	2.290
41.550	2.504
41.600	2.694
41.650	2.856
41.700	2.989
41.750	3.088
41.800	3.149
41.850	3.170
41.900	3.146
41.950	3.080
42.000	2.970
42.050	2.820
42.100	2.631
42.150	2.405
42.200	2.147
42.250	1.860
42.300	1.552
42.350	1.228
42.400	0.897
42.450	0.564
42.500	0.240
42.550	-0.069
42.600	-0.355
42.650	-0.609
42.700	-0.828
42.750	-1.005
42.800	-1.136
42.850	-1.217
42.900	-1.247
42.950	-1.227
43.000	-1.159
43.050	-1.048
43.100	-0.895
43.150	-0.708
43.200	-0.493
43.250	-0.253
43.300	0.008
43.350	0.278
43.400	0.558
43.450	0.840
43.500	1.120
43.550	1.395
43.600	1.660
43.650	1.913
43.700	2.150
43.750	2.367
43.800	2.564
43.850	2.736
43.900	2.881
43.950	2.997
44.000	3.080
44.050	3.126
44.100	3.132
44.150	3.098
44.200	3.021
44.250	2.903
44.300	2.746
44.350	2.551
44.400	2.322
44.450	2.059
44.500	1.772
44.550	1.464
44.600	1.144
44.650	0.815
44.700	0.490
44.750	0.173
44.800	-0.127
44.850	-0.402
44.900	-0.647
44.950	-0.853
45.000	-1.018
45.050	-1.137
45.100	-1.206
45.150	-1.227
45.200	-1.197
45.250	-1.120
45.300	-1.002
45.350	-0.847
45.400	-0.657
45.450	-0.440
45.500	-0.199
45.550	0.057
45.600	0.324
45.650	0.598
45.700	0.873
45.750	1.147
45.800	1.414
45.850	1.670
45.900	1.915
45.950	2.143
46.000	2.353
46.050	2.543
46.100	2.708
46.150	2.849
46.200	2.961
46.250	3.043
46.300	3.088
46.350	3.098
46.400	3.066
46.450	2.994
46.500	2.884
46.550	2.736
46.600	2.551
46.650	2.333
46.700	2.084
46.750	1.810
46.800	1.513
46.850	1.205
46.900	0.888
46.950	0.570
47.000	0.261
47.050	-0.033
47.100	-0.308
47.150	-0.553
47.200	-0.763
47.250	-0.935
47.300	-1.063
47.350	-1.145
47.400	-1.180
47.450	-1.166
47.500	-1.106
47.550	-1.005
47.600	-0.869
47.650	-0.697
47.700	-0.498
47.750	-0.275
47.800	-0.035
47.850	0.220
47.900	0.481
47.950	0.745
48.000	1.008
48.050	1.269
48.100	1.521
48.150	1.762
48.200	1.992
48.250	2.204
48.300	2.399
48.350	2.573
48.400	2.725
48.450	2.853
48.500	2.953
48.550	3.024
48.600	3.060
48.650	3.061
48.700	3.024
48.750	2.947
48.800	2.834
48.850	2.683
48.900	2.496
48.950	2.275
49.000	2.025
49.050	1.748
49.100	1.453
49.150	1.144
49.200	0.829
49.250	0.514
49.300	0.209
49.350	-0.080
49.400	-0.349
49.450	-0.587
49.500	-0.790
49.550	-0.953
49.600	-1.073
49.650	-1.147
49.700	-1.173
49.750	-1.151
49.800	-1.085
49.850	-0.979
49.900	-0.837
49.950	-0.663
50.000	-0.460
50.050	-0.236
50.100	0.005
50.150	0.258
50.200	0.517
50.250	0.778
50.300	1.037
50.350	1.291
50.400	1.538
50.450	1.773
50.500	1.995
50.550	2.201
50.600	2.389
50.650	2.557
50.700	2.703
50.750	2.827
50.800	2.923
50.850	2.992
50.900	3.028
50.950	3.030
51.000	2.996
51.050	2.925
51.100	2.818
51.150	2.675
51.200	2.496
51.250	2.286
51.300	2.045
51.350	1.780
51.400	1.494
51.450	1.195
51.500	0.889
51.550	0.581
51.600	0.281
51.650	-0.005
51.700	-0.272
51.750	-0.511
51.800	-0.716
51.850	-0.884
51.900	-1.012
51.950	-1.096
52.000	-1.134
52.050	-1.126
52.100	-1.074
52.150	-0.983
52.200	-0.858
52.250	-0.697
52.300	-0.511
52.350	-0.302
52.400	-0.074
52.450	0.167
52.500	0.415
52.550	0.668
52.600	0.919
52.650	1.167
52.700	1.411
52.750	1.643
52.800	1.865
52.850	2.072
52.900	2.265
52.950	2.439
53.000	2.593
53.050	2.728
53.100	2.840
53.150	2.925
53.200	2.981
53.250	3.008
53.300	2.999
53.350	2.955
53.400	2.876
53.450	2.761
53.500	2.612
53.550	2.428
53.600	2.213
53.650	1.970
53.700	1.703
53.750	1.417
53.800	1.120
53.850	0.817
53.900	0.515
53.950	0.221
54.000	-0.057
54.050	-0.314
54.100	-0.543
54.150	-0.740
54.200	-0.897
54.250	-1.013
54.300	-1.087
54.350	-1.115
54.400	-1.100
54.450	-1.041
54.500	-0.946
54.550	-0.815
54.600	-0.655
54.650	-0.468
54.700	-0.261
54.750	-0.035
54.800	0.201
54.850	0.443
54.900	0.690
54.950	0.935
55.000	1.175
55.050	1.409
55.100	1.635
55.150	1.850
55.200	2.051
55.250	2.237
55.300	2.406
55.350	2.559
55.400	2.691
55.450	2.801
55.500	2.887
55.550	2.947
55.600	2.977
55.650	2.974
55.700	2.936
55.750	2.865
55.800	2.760
55.850	2.622
55.900	2.447
55.950	2.243
56.000	2.011
56.050	1.753
56.100	1.477
56.150	1.186
56.200	0.889
56.250	0.591
56.300	0.298
56.350	0.020
56.400	-0.239
56.450	-0.474
56.500	-0.675
56.550	-0.842
56.600	-0.968
56.650	-1.052
56.700	-1.093
56.750	-1.090
56.800	-1.045
56.850	-0.961
56.900	-0.844
56.950	-0.694
57.000	-0.518
57.050	-0.320
57.100	-0.104
57.150	0.124
57.200	0.360
57.250	0.598
57.300	0.839
57.350	1.076
57.400	1.308
57.450	1.532
57.500	1.745
57.550	1.946
57.600	2.135
57.650	2.308
57.700	2.465
57.750	2.603
57.800	2.722
57.850	2.820
57.900	2.893
57.950	2.939
58.000	2.956
58.050	2.941
58.100	2.892
58.150	2.810
58.200	2.695
58.250	2.545
58.300	2.362
58.350	2.150
58.400	1.912
58.450	1.651
58.500	1.371
58.550	1.082
58.600	0.787
58.650	0.495
58.700	0.209
58.750	-0.060
58.800	-0.309
58.850	-0.533
58.900	-0.721
58.950	-0.872
59.000	-0.983
59.050	-1.054
59.100	-1.081
59.150	-1.065
59.200	-1.008
59.250	-0.917
59.300	-0.792
59.350	-0.638
59.400	-0.457
59.450	-0.258
59.500	-0.042
59.550	0.184
59.600	0.416
59.650	0.652
59.700	0.888
59.750	1.117
59.800	1.341
59.850	1.558
59.900	1.764
59.950	1.957
60.000	2.138
60.050	2.304
60.100	2.454
60.150	2.587
60.200	2.702
60.250	2.796
60.300	2.867
60.350	2.911
60.400	2.926
60.450	2.912
60.500	2.865
60.550	2.787
60.600	2.675
60.650	2.531
60.700	2.353
60.750	2.147
60.800	1.916
60.850	1.662
60.900	1.390
60.950	1.107
61.000	0.820
61.050	0.531
61.100	0.251
61.150	-0.014
61.200	-0.262
61.250	-0.484
61.300	-0.674
61.350	-0.826
61.400	-0.942
61.450	-1.018
61.500	-1.051
61.550	-1.043
61.600	-0.997
61.650	-0.914
61.700	-0.798
61.750	-0.653
61.800	-0.485
61.850	-0.295
61.900	-0.090
61.950	0.129
62.000	0.352
62.050	0.580
62.100	0.807
62.150	1.032
62.200	1.252
62.250	1.464
62.300	1.667
62.350	1.858
62.400	2.039
62.450	2.207
62.500	2.361
62.550	2.499
62.600	2.620
62.650	2.724
62.700	2.807
62.750	2.867
62.800	2.901
62.850	2.906
62.900	2.881
62.950	2.823
63.000	2.735
63.050	2.612
63.100	2.458
63.150	2.273
63.200	2.059
63.250	1.821
63.300	1.561
63.350	1.288
63.400	1.004
63.450	0.718
63.500	0.434
63.550	0.160
63.600	-0.099
63.650	-0.336
63.700	-0.545
63.750	-0.721
63.800	-0.861
63.850	-0.961
63.900	-1.023
63.950	-1.041
64.000	-1.021
64.050	-0.963
64.100	-0.870
64.150	-0.746
64.200	-0.595
64.250	-0.423
64.300	-0.231
64.350	-0.024
64.400	0.192
64.450	0.412
64.500	0.635
64.550	0.856
64.600	1.074
64.650	1.285
64.700	1.489
64.750	1.684
64.800	1.868
64.850	2.040
64.900	2.201
64.950	2.347
65.000	2.480
65.050	2.597
65.100	2.697
65.150	2.777
65.200	2.837
65.250	2.870
65.300	2.878
65.350	2.854
65.400	2.802
65.450	2.719
65.500	2.603
65.550	2.457
65.600	2.279
65.650	2.075
65.700	1.846
65.750	1.594
65.800	1.329
65.850	1.052
65.900	0.771
65.950	0.493
66.000	0.223
66.050	-0.033
66.100	-0.270
66.150	-0.481
66.200	-0.660
66.250	-0.804
66.300	-0.911
66.350	-0.979
66.400	-1.007
66.450	-0.997
66.500	-0.950
66.550	-0.869
66.600	-0.757
66.650	-0.619
66.700	-0.459
66.750	-0.278
66.800	-0.085
66.850	0.119
66.900	0.328
66.950	0.540
67.000	0.752
67.050	0.961
67.100	1.166
67.150	1.363
67.200	1.554
67.250	1.734
67.300	1.905
67.350	2.066
67.400	2.213
67.450	2.351
67.500	2.476
67.550	2.586
67.600	2.680
67.650	2.757
67.700	2.812
67.750	2.843
67.800	2.848
67.850	2.823
67.900	2.769
67.950	2.684
68.000	2.568
68.050	2.421
68.100	2.245
68.150	2.040
68.200	1.811
68.250	1.563
68.300	1.299
68.350	1.026
68.400	0.749
68.450	0.474
68.500	0.209
68.550	-0.042
68.600	-0.275
68.650	-0.481
68.700	-0.657
68.750	-0.796
68.800	-0.900
68.850	-0.966
68.900	-0.991
68.950	-0.980
69.000	-0.933
69.050	-0.853
69.100	-0.741
69.150	-0.606
69.200	-0.448
69.250	-0.272
69.300	-0.082
69.350	0.119
69.400	0.324
69.450	0.529
69.500	0.737
69.550	0.941
69.600	1.139
69.650	1.332
69.700	1.516
69.750	1.692
69.800	1.860
69.850	2.017
69.900	2.163
69.950	2.300
70.000	2.424
70.050	2.535
70.100	2.633
70.150	2.713
70.200	2.774
70.250	2.815
70.300	2.831
70.350	2.820
70.400	2.779
70.450	2.708
70.500	2.608
70.550	2.476
70.600	2.315
70.650	2.125
70.700	1.909
70.750	1.671
70.800	1.417
70.850	1.151
70.900	0.878
70.950	0.603
71.000	0.335
71.050	0.079
71.100	-0.162
71.150	-0.379
71.200	-0.567
71.250	-0.723
71.300	-0.842
71.350	-0.925
71.400	-0.969
71.450	-0.975
71.500	-0.946
71.550	-0.883
71.600	-0.789
71.650	-0.668
71.700	-0.523
71.750	-0.358
71.800	-0.179
71.850	0.011
71.900	0.209
71.950	0.408
72.000	0.608
72.050	0.807
72.100	1.002
72.150	1.191
72.200	1.371
72.250	1.546
72.300	1.712
72.350	1.869
72.400	2.017
72.450	2.157
72.500	2.286
72.550	2.403
72.600	2.512
72.650	2.606
72.700	2.686
72.750	2.747
72.800	2.788
72.850	2.805
72.900	2.796
72.950	2.758
73.000	2.692
73.050	2.597
73.100	2.469
73.150	2.312
73.200	2.128
73.250	1.918
73.300	1.685
73.350	1.436
73.400	1.173
73.450	0.905
73.500	0.635
73.550	0.369
73.600	0.115
73.650	-0.124
73.700	-0.341
73.750	-0.531
73.800	-0.688
73.850	-0.812
73.900	-0.897
73.950	-0.947
74.000	-0.958
74.050	-0.933
74.100	-0.877
74.150	-0.789
74.200	-0.674
74.250	-0.537
74.300	-0.380
74.350	-0.207
74.400	-0.024
74.450	0.167
74.500	0.358
74.550	0.553
74.600	0.745
74.650	0.933
74.700	1.115
74.750	1.293
74.800	1.461
74.850	1.623
74.900	1.777
74.950	1.923
75.000	2.061
75.050	2.190
75.100	2.312
75.150	2.424
75.200	2.526
75.250	2.614
75.300	2.688
75.350	2.744
75.400	2.779
75.450	2.790
75.500	2.774
75.550	2.728
75.600	2.655
75.650	2.549
75.700	2.416
75.750	2.253
75.800	2.062
75.850	1.849
75.900	1.613
75.950	1.363
76.000	1.101
76.050	0.834
76.100	0.569
76.150	0.308
76.200	0.061
76.250	-0.168
76.300	-0.375
76.350	-0.554
76.400	-0.701
76.450	-0.812
76.500	-0.888
76.550	-0.928
76.600	-0.931
76.650	-0.900
76.700	-0.839
76.750	-0.749
76.800	-0.633
76.850	-0.496
76.900	-0.342
76.950	-0.176
77.000	0.002
77.050	0.184
77.100	0.369
77.150	0.553
77.200	0.735
77.250	0.914
77.300	1.087
77.350	1.255
77.400	1.415
77.450	1.569
77.500	1.715
77.550	1.857
77.600	1.990
77.650	2.119
77.700	2.240
77.750	2.355
77.800	2.460
77.850	2.554
77.900	2.636
77.950	2.702
78.000	2.750
78.050	2.776
78.100	2.776
78.150	2.749
78.200	2.692
78.250	2.608
78.300	2.491
78.350	2.344
78.400	2.168
78.450	1.965
78.500	1.740
78.550	1.497
78.600	1.241
78.650	0.975
78.700	0.707
78.750	0.443
78.800	0.190
78.850	-0.049
78.900	-0.269
78.950	-0.460
79.000	-0.624
79.050	-0.751
79.100	-0.844
79.150	-0.900
79.200	-0.922
79.250	-0.906
79.300	-0.861
79.350	-0.785
79.400	-0.683
79.450	-0.559
79.500	-0.418
79.550	-0.261
79.600	-0.093
79.650	0.082
79.700	0.259
79.750	0.437
79.800	0.613
79.850	0.785
79.900	0.953
79.950	1.117
80.000	1.272
80.050	1.423
80.100	1.566
80.150	1.706
80.200	1.838
80.250	1.967
80.300	2.089
80.350	2.207
80.400	2.320
80.450	2.424
80.500	2.520
80.550	2.604
80.600	2.675
80.650	2.727
80.700	2.758
80.750	2.766
80.800	2.744
80.850	2.695
80.900	2.615
80.950	2.507
81.000	2.367
81.050	2.198
81.100	2.001
81.150	1.781
81.200	1.543
81.250	1.290
81.300	1.026
81.350	0.760
81.400	0.496
81.450	0.242
81.500	0.003
81.550	-0.218
81.600	-0.415
81.650	-0.583
81.700	-0.716
81.750	-0.815
81.800	-0.878
81.850	-0.906
81.900	-0.898
81.950	-0.861
82.000	-0.792
82.050	-0.697
82.100	-0.581
82.150	-0.445
82.200	-0.295
82.250	-0.134
82.300	0.036
82.350	0.207
82.400	0.379
82.450	0.548
82.500	0.716
82.550	0.878
82.600	1.035
82.650	1.188
82.700	1.332
82.750	1.472
82.800	1.605
82.850	1.734
82.900	1.860
82.950	1.982
83.000	2.100
83.050	2.213
83.100	2.323
83.150	2.425
83.200	2.520
83.250	2.604
83.300	2.673
83.350	2.724
83.400	2.752
83.450	2.757
83.500	2.732
83.550	2.678
83.600	2.595
83.650	2.482
83.700	2.339
83.750	2.166
83.800	1.967
83.850	1.747
83.900	1.506
83.950	1.252
84.000	0.990
84.050	0.726
84.100	0.465
84.150	0.215
84.200	-0.020
84.250	-0.236
84.300	-0.426
84.350	-0.587
84.400	-0.715
84.450	-0.807
84.500	-0.864
84.550	-0.886
84.600	-0.877
84.650	-0.834
84.700	-0.763
84.750	-0.669
84.800	-0.554
84.850	-0.421
84.900	-0.275
84.950	-0.119
85.000	0.042
85.050	0.206
85.100	0.369
85.150	0.529
85.200	0.688
85.250	0.840
85.300	0.986
85.350	1.128
85.400	1.263
85.450	1.393
85.500	1.521
85.550	1.643
85.600	1.764
85.650	1.882
85.700	2.000
85.750	2.114
85.800	2.227
85.850	2.336
85.900	2.438
85.950	2.532
86.000	2.615
86.050	2.683
86.100	2.732
86.150	2.758
86.200	2.757
86.250	2.727
86.300	2.667
86.350	2.576
86.400	2.455
86.450	2.304
86.500	2.125
86.550	1.921
86.600	1.695
86.650	1.451
86.700	1.195
86.750	0.933
86.800	0.671
86.850	0.413
86.900	0.168
86.950	-0.061
87.000	-0.269
87.050	-0.451
87.100	-0.602
87.150	-0.719
87.200	-0.803
87.250	-0.850
87.300	-0.864
87.350	-0.845
87.400	-0.798
87.450	-0.724
87.500	-0.627
87.550	-0.512
87.600	-0.382
87.650	-0.239
87.700	-0.090
87.750	0.064
87.800	0.218
87.850	0.371
87.900	0.520
87.950	0.666
88.000	0.807
88.050	0.942
88.100	1.073
88.150	1.199
88.200	1.319
88.250	1.439
88.300	1.555
88.350	1.671
88.400	1.788
88.450	1.905
88.500	2.023
88.550	2.139
88.600	2.256
88.650	2.367
88.700	2.474
88.750	2.570
88.800	2.653
88.850	2.717
88.900	2.761
88.950	2.780
89.000	2.769
89.050	2.728
89.100	2.658
89.150	2.553
89.200	2.417
89.250	2.251
89.300	2.058
89.350	1.839
89.400	1.602
89.450	1.349
89.500	1.089
89.550	0.823
89.600	0.561
89.650	0.306
89.700	0.068
89.750	-0.152
89.800	-0.349
89.850	-0.517
89.900	-0.650
89.950	-0.751
90.000	-0.815
90.050	-0.845
90.100	-0.844
90.150	-0.809
90.200	-0.749
90.250	-0.664
90.300	-0.561
90.350	-0.441
90.400	-0.309
90.450	-0.168
90.500	-0.024
90.550	0.123
90.600	0.267
90.650	0.408
90.700	0.545
90.750	0.677
90.800	0.804
90.850	0.925
90.900	1.040
90.950	1.153
91.000	1.263
91.050	1.371
91.100	1.480
91.150	1.590
91.200	1.701
91.250	1.817
91.300	1.935
91.350	2.055
91.400	2.176
91.450	2.297
91.500	2.411
91.550	2.520
91.600	2.617
91.650	2.699
91.700	2.760
91.750	2.796
91.800	2.802
91.850	2.779
91.900	2.722
91.950	2.633
92.000	2.512
92.050	2.358
92.100	2.174
92.150	1.965
92.200	1.733
92.250	1.484
92.300	1.224
92.350	0.958
92.400	0.693
92.450	0.434
92.500	0.187
92.550	-0.041
92.600	-0.248
92.650	-0.427
92.700	-0.575
92.750	-0.690
92.800	-0.770
92.850	-0.814
92.900	-0.826
92.950	-0.806
93.000	-0.757
93.050	-0.685
93.100	-0.592
93.150	-0.482
93.200	-0.361
93.250	-0.231
93.300	-0.094
93.350	0.042
93.400	0.179
93.450	0.311
93.500	0.438
93.550	0.561
93.600	0.679
93.650	0.792
93.700	0.898
93.750	1.002
93.800	1.103
93.850	1.203
93.900	1.305
93.950	1.409
94.000	1.516
94.050	1.627
94.100	1.745
94.150	1.868
94.200	1.993
94.250	2.122
94.300	2.251
94.350	2.377
94.400	2.496
94.450	2.604
94.500	2.699
94.550	2.772
94.600	2.821
94.650	2.840
94.700	2.827
94.750	2.780
94.800	2.700
94.850	2.584
94.900	2.436
94.950	2.259
95.000	2.053
95.050	1.824
95.100	1.576
95.150	1.315
95.200	1.048
95.250	0.781
95.300	0.518
95.350	0.267
95.400	0.035
95.450	-0.178
95.500	-0.363
95.550	-0.517
95.600	-0.639
95.650	-0.726
95.700	-0.778
95.750	-0.795
95.800	-0.782
95.850	-0.741
95.900	-0.675
95.950	-0.591
96.000	-0.490
96.050	-0.377
96.100	-0.256
96.150	-0.129
96.200	-0.002
96.250	0.124
96.300	0.243
96.350	0.358
96.400	0.468
96.450	0.573
96.500	0.672
96.550	0.767
96.600	0.858
96.650	0.947
96.700	1.037
96.750	1.126
96.800	1.221
96.850	1.319
96.900	1.425
96.950	1.538
97.000	1.657
97.050	1.786
97.100	1.920
97.150	2.056
97.200	2.198
97.250	2.336
97.300	2.468
97.350	2.590
97.400	2.699
97.450	2.787
97.500	2.849
97.550	2.884
97.600	2.884
97.650	2.849
97.700	2.779
97.750	2.673
97.800	2.535
97.850	2.364
97.900	2.165
97.950	1.940
98.000	1.696
98.050	1.439
98.100	1.172
98.150	0.905
98.200	0.641
98.250	0.388
98.300	0.151
98.350	-0.064
98.400	-0.256
98.450	-0.418
98.500	-0.548
98.550	-0.644
98.600	-0.705
98.650	-0.735
98.700	-0.732
98.750	-0.701
98.800	-0.647
98.850	-0.572
98.900	-0.484
98.950	-0.383
99.000	-0.275
99.050	-0.163
99.100	-0.052
99.150	0.058
99.200	0.163
99.250	0.261
99.300	0.352
99.350	0.438
99.400	0.518
99.450	0.597
99.500	0.672
99.550	0.746
99.600	0.822
99.650	0.898
99.700	0.982
99.750	1.071
99.800	1.170
99.850	1.279
99.900	1.398
99.950	1.527
100.000	1.667
100.050	1.814
100.100	1.968
100.150	2.127
100.200	2.284
100.250	2.436
100.300	2.578
100.350	2.706
100.400	2.813
100.450	2.895
100.500	2.947
100.550	2.963
100.600	2.942
100.650	2.884
100.700	2.788
100.750	2.658
100.800	2.491
100.850	2.297
100.900	2.073
100.950	1.830
101.000	1.571
101.050	1.302
101.100	1.030
101.150	0.762
101.200	0.503
101.250	0.258
101.300	0.035
101.350	-0.163
101.400	-0.335
101.450	-0.474
101.500	-0.580
101.550	-0.650
101.600	-0.688
101.650	-0.694
101.700	-0.671
101.750	-0.624
101.800	-0.558
101.850	-0.476
101.900	-0.383
101.950	-0.283
102.000	-0.181
102.050	-0.079
102.100	0.020
102.150	0.113
102.200	0.198
102.250	0.275
102.300	0.346
102.350	0.410
102.400	0.470
102.450	0.526
102.500	0.584
102.550	0.642
102.600	0.704
102.650	0.771
102.700	0.847
102.750	0.933
102.800	1.029
102.850	1.139
102.900	1.261
102.950	1.396
103.000	1.543
103.050	1.700
103.100	1.865
103.150	2.036
103.200	2.205
103.250	2.372
103.300	2.531
103.350	2.675
103.400	2.801
103.450	2.901
103.500	2.972
103.550	3.010
103.600	3.010
103.650	2.970
103.700	2.895
103.750	2.782
103.800	2.634
103.850	2.457
103.900	2.249
103.950	2.020
104.000	1.772
104.050	1.513
104.100	1.249
104.150	0.985
104.200	0.727
104.250	0.482
104.300	0.256
104.350	0.050
104.400	-0.130
104.450	-0.283
104.500	-0.405
104.550	-0.495
104.600	-0.553
104.650	-0.581
104.700	-0.581
104.750	-0.556
104.800	-0.514
104.850	-0.452
104.900	-0.382
104.950	-0.305
105.000	-0.221
105.050	-0.138
105.100	-0.058
105.150	0.017
105.200	0.086
105.250	0.148
105.300	0.199
105.350	0.247
105.400	0.287
105.450	0.327
105.500	0.366
105.550	0.408
105.600	0.456
105.650	0.509
105.700	0.572
105.750	0.646
105.800	0.734
105.850	0.834
105.900	0.949
105.950	1.078
106.000	1.221
106.050	1.378
106.100	1.546
106.150	1.722
106.200	1.904
106.250	2.086
106.300	2.268
106.350	2.441
106.400	2.601
106.450	2.746
106.500	2.868
106.550	2.963
106.600	3.024
106.650	3.052
106.700	3.041
106.750	2.991
106.800	2.904
106.850	2.783
106.900	2.631
106.950	2.449
107.000	2.242
107.050	2.014
107.100	1.772
107.150	1.521
107.200	1.266
107.250	1.015
107.300	0.771
107.350	0.540
107.400	0.327
107.450	0.137
107.500	-0.031
107.550	-0.173
107.600	-0.287
107.650	-0.374
107.700	-0.429
107.750	-0.459
107.800	-0.463
107.850	-0.445
107.900	-0.410
107.950	-0.361
108.000	-0.305
108.050	-0.242
108.100	-0.178
108.150	-0.115
108.200	-0.055
108.250	-0.002
108.300	0.046
108.350	0.086
108.400	0.118
108.450	0.145
108.500	0.167
108.550	0.185
108.600	0.207
108.650	0.231
108.700	0.262
108.750	0.303
108.800	0.357
108.850	0.426
108.900	0.511
108.950	0.613
109.000	0.730
109.050	0.867
109.100	1.018
109.150	1.184
109.200	1.362
109.250	1.550
109.300	1.745
109.350	1.942
109.400	2.138
109.450	2.326
109.500	2.504
109.550	2.666
109.600	2.807
109.650	2.923
109.700	3.010
109.750	3.063
109.800	3.079
109.850	3.058
109.900	3.000
109.950	2.906
110.000	2.782
110.050	2.628
110.100	2.447
110.150	2.245
110.200	2.025
110.250	1.792
110.300	1.555
110.350	1.315
110.400	1.079
110.450	0.851
110.500	0.636
110.550	0.438
110.600	0.261
110.650	0.107
110.700	-0.025
110.750	-0.134
110.800	-0.218
110.850	-0.278
110.900	-0.316
110.950	-0.331
111.000	-0.327
111.050	-0.308
111.100	-0.276
111.150	-0.239
111.200	-0.196
111.250	-0.152
111.300	-0.110
111.350	-0.071
111.400	-0.038
111.450	-0.011
111.500	0.011
111.550	0.027
111.600	0.039
111.650	0.049
111.700	0.058
111.750	0.071
111.800	0.086
111.850	0.110
111.900	0.143
111.950	0.187
112.000	0.247
112.050	0.322
112.100	0.415
112.150	0.528
112.200	0.658
112.250	0.807
112.300	0.971
112.350	1.147
112.400	1.335
112.450	1.532
112.500	1.731
112.550	1.932
112.600	2.130
112.650	2.318
112.700	2.494
112.750	2.655
112.800	2.793
112.850	2.908
112.900	2.991
112.950	3.044
113.000	3.061
113.050	3.044
113.100	2.992
113.150	2.909
113.200	2.794
113.250	2.655
113.300	2.490
113.350	2.304
113.400	2.103
113.450	1.890
113.500	1.671
113.550	1.448
113.600	1.230
113.650	1.016
113.700	0.814
113.750	0.625
113.800	0.454
113.850	0.302
113.900	0.170
113.950	0.058
114.000	-0.031
114.050	-0.104
114.100	-0.157
114.150	-0.193
114.200	-0.212
114.250	-0.218
114.300	-0.212
114.350	-0.198
114.400	-0.179
114.450	-0.156
114.500	-0.134
114.550	-0.113
114.600	-0.094
114.650	-0.080
114.700	-0.068
114.750	-0.060
114.800	-0.053
114.850	-0.047
114.900	-0.041
114.950	-0.031
115.000	-0.017
115.050	0.005
115.100	0.036
115.150	0.079
115.200	0.132
115.250	0.199
115.300	0.281
115.350	0.379
115.400	0.495
115.450	0.627
115.500	0.773
115.550	0.933
115.600	1.104
115.650	1.285
115.700	1.472
115.750	1.662
115.800	1.854
115.850	2.040
115.900	2.220
115.950	2.388
116.000	2.542
116.050	2.678
116.100	2.793
116.150	2.884
116.200	2.947
116.250	2.981
116.300	2.985
116.350	2.956
116.400	2.901
116.450	2.816
116.500	2.708
116.550	2.576
116.600	2.424
116.650	2.254
116.700	2.070
116.750	1.876
116.800	1.676
116.850	1.473
116.900	1.272
116.950	1.076
117.000	0.889
117.050	0.713
117.100	0.550
117.150	0.404
117.200	0.273
117.250	0.163
117.300	0.069
117.350	-0.006
117.400	-0.068
117.450	-0.115
117.500	-0.148
117.550	-0.170
117.600	-0.179
117.650	-0.182
117.700	-0.178
117.750	-0.168
117.800	-0.157
117.850	-0.145
117.900	-0.132
117.950	-0.121
118.000	-0.112
118.050	-0.104
118.100	-0.096
118.150	-0.086
118.200	-0.077
118.250	-0.063
118.300	-0.044
118.350	-0.019
118.400	0.014
118.450	0.057
118.500	0.110
118.550	0.174
118.600	0.250
118.650	0.339
118.700	0.445
118.750	0.565
118.800	0.699
118.850	0.847
118.900	1.004
118.950	1.170
119.000	1.343
119.050	1.522
119.100	1.701
119.150	1.880
119.200	2.053
119.250	2.220
119.300	2.375
119.350	2.516
119.400	2.641
119.450	2.746
119.500	2.829
119.550	2.887
119.600	2.920
119.650	2.925
119.700	2.901
119.750	2.853
119.800	2.779
119.850	2.683
119.900	2.567
119.950	2.430
120.000	2.278
120.050	2.111
120.100	1.934
120.150	1.750
120.200	1.563
120.250	1.376
120.300	1.192
120.350	1.013
120.400	0.844
120.450	0.685
120.500	0.537
120.550	0.405
120.600	0.289
120.650	0.190
120.700	0.105
120.750	0.035
120.800	-0.022
120.850	-0.066
120.900	-0.101
120.950	-0.126
121.000	-0.143
121.050	-0.152
121.100	-0.157
121.150	-0.157
121.200	-0.154
121.250	-0.149
121.300	-0.143
121.350	-0.138
121.400	-0.132
121.450	-0.126
121.500	-0.118
121.550	-0.108
121.600	-0.097
121.650	-0.082
121.700	-0.061
121.750	-0.033
121.800	0.002
121.850	0.046
121.900	0.099
121.950	0.163
122.000	0.239
122.050	0.327
122.100	0.429
122.150	0.543
122.200	0.672
122.250	0.814
122.300	0.963
122.350	1.123
122.400	1.288
122.450	1.458
122.500	1.630
122.550	1.802
122.600	1.968
122.650	2.130
122.700	2.281
122.750	2.421
122.800	2.546
122.850	2.653
122.900	2.743
122.950	2.810
123.000	2.854
123.050	2.876
123.100	2.871
123.150	2.842
123.200	2.790
123.250	2.717
123.300	2.623
123.350	2.512
123.400	2.381
123.450	2.238
123.500	2.083
123.550	1.918
123.600	1.748
123.650	1.574
123.700	1.400
123.750	1.228
123.800	1.062
123.850	0.903
123.900	0.754
123.950	0.614
124.000	0.487
124.050	0.374
124.100	0.275
124.150	0.188
124.200	0.116
124.250	0.057
124.300	0.006
124.350	-0.035
124.400	-0.068
124.450	-0.094
124.500	-0.115
124.550	-0.129
124.600	-0.140
124.650	-0.148
124.700	-0.152
124.750	-0.154
124.800	-0.154
124.850	-0.151
124.900	-0.146
124.950	-0.140
125.000	-0.130
125.050	-0.118
125.100	-0.102
125.150	-0.082
125.200	-0.057
125.250	-0.024
125.300	0.016
125.350	0.063
125.400	0.119
125.450	0.185
125.500	0.261
125.550	0.349
125.600	0.449
125.650	0.562
125.700	0.688
125.750	0.823
125.800	0.968
125.850	1.120
125.900	1.277
125.950	1.439
126.000	1.602
126.050	1.766
126.100	1.924
126.150	2.078
126.200	2.224
126.250	2.358
126.300	2.480
126.350	2.587
126.400	2.677
126.450	2.747
126.500	2.798
126.550	2.827
126.600	2.834
126.650	2.816
126.700	2.780
126.750	2.722
126.800	2.645
126.850	2.549
126.900	2.438
126.950	2.311
127.000	2.171
127.050	2.022
127.100	1.865
127.150	1.703
127.200	1.538
127.250	1.373
127.300	1.211
127.350	1.054
127.400	0.905
127.450	0.763
127.500	0.631
127.550	0.511
127.600	0.402
127.650	0.308
127.700	0.225
127.750	0.154
127.800	0.094
127.850	0.044
127.900	0.002
127.950	-0.035
128.000	-0.063
128.050	-0.088
128.100	-0.108
128.150	-0.124
128.200	-0.138
128.250	-0.148
128.300	-0.156
128.350	-0.162
128.400	-0.163
128.450	-0.162
128.500	-0.157
128.550	-0.151
128.600	-0.138
128.650	-0.123
128.700	-0.102
128.750	-0.077
128.800	-0.046
128.850	-0.006
128.900	0.039
128.950	0.093
129.000	0.156
129.050	0.228
129.100	0.309
129.150	0.402
129.200	0.506
129.250	0.622
129.300	0.748
129.350	0.881
129.400	1.024
129.450	1.172
129.500	1.323
129.550	1.478
129.600	1.632
129.650	1.786
129.700	1.935
129.750	2.078
129.800	2.215
129.850	2.339
129.900	2.452
129.950	2.551
130.000	2.634
130.050	2.700
130.100	2.749
130.150	2.776
130.200	2.783
130.250	2.771
130.300	2.738
130.350	2.686
130.400	2.619
130.450	2.535
130.500	2.436
130.550	2.325
130.600	2.201
130.650	2.067
130.700	1.926
130.750	1.778
130.800	1.629
130.850	1.477
130.900	1.326
130.950	1.178
131.000	1.035
131.050	0.898
131.100	0.770
131.150	0.650
131.200	0.540
131.250	0.440
131.300	0.350
131.350	0.272
131.400	0.204
131.450	0.146
131.500	0.096
131.550	0.052
131.600	0.014
131.650	-0.020
131.700	-0.050
131.750	-0.077
131.800	-0.101
131.850	-0.123
131.900	-0.141
131.950	-0.157
132.000	-0.170
132.050	-0.179
132.100	-0.184
132.150	-0.184
132.200	-0.179
132.250	-0.168
132.300	-0.154
132.350	-0.134
132.400	-0.107
132.450	-0.075
132.500	-0.038
132.550	0.008
132.600	0.060
132.650	0.119
132.700	0.187
132.750	0.262
132.800	0.347
132.850	0.441
132.900	0.545
132.950	0.660
133.000	0.781
133.050	0.909
133.100	1.045
133.150	1.183
133.200	1.326
133.250	1.470
133.300	1.613
133.350	1.756
133.400	1.896
133.450	2.029
133.500	2.155
133.550	2.275
133.600	2.381
133.650	2.477
133.700	2.559
133.750	2.626
133.800	2.678
133.850	2.713
133.900	2.730
133.950	2.730
134.000	2.711
134.050	2.677
134.100	2.626
134.150	2.562
134.200	2.482
134.250	2.388
134.300	2.282
134.350	2.166
134.400	2.040
134.450	1.907
134.500	1.769
134.550	1.627
134.600	1.483
134.650	1.340
134.700	1.199
134.750	1.060
134.800	0.928
134.850	0.803
134.900	0.685
134.950	0.575
135.000	0.476
135.050	0.385
135.100	0.305
135.150	0.234
135.200	0.173
135.250	0.118
135.300	0.071
135.350	0.028
135.400	-0.008
135.450	-0.042
135.500	-0.072
135.550	-0.099
135.600	-0.123
135.650	-0.145
135.700	-0.162
135.750	-0.176
135.800	-0.185
135.850	-0.190
135.900	-0.192
135.950	-0.187
136.000	-0.178
136.050	-0.163
136.100	-0.145
136.150	-0.119
136.200	-0.090
136.250	-0.053
136.300	-0.013
136.350	0.036
136.400	0.091
136.450	0.152
136.500	0.221
136.550	0.298
136.600	0.383
136.650	0.479
136.700	0.584
136.750	0.697
136.800	0.817
136.850	0.944
136.900	1.074
136.950	1.210
137.000	1.348
137.050	1.488
137.100	1.626
137.150	1.762
137.200	1.896
137.250	2.023
137.300	2.144
137.350	2.257
137.400	2.359
137.450	2.452
137.500	2.531
137.550	2.595
137.600	2.645
137.650	2.681
137.700	2.700
137.750	2.703
137.800	2.689
137.850	2.659
137.900	2.617
137.950	2.560
138.000	2.490
138.050	2.406
138.100	2.312
138.150	2.207
138.200	2.094
138.250	1.973
138.300	1.846
138.350	1.715
138.400	1.582
138.450	1.447
138.500	1.315
138.550	1.183
138.600	1.056
138.650	0.935
138.700	0.818
138.750	0.708
138.800	0.608
138.850	0.514
138.900	0.429
138.950	0.353
139.000	0.284
139.050	0.225
139.100	0.173
139.150	0.126
139.200	0.083
139.250	0.044
139.300	0.009
139.350	-0.024
139.400	-0.055
139.450	-0.085
139.500	-0.112
139.550	-0.137
139.600	-0.159
139.650	-0.178
139.700	-0.192
139.750	-0.199
139.800	-0.203
139.850	-0.201
139.900	-0.192
139.950	-0.178
140.000	-0.157
140.050	-0.130
140.100	-0.097
140.150	-0.060
140.200	-0.016
140.250	0.035
140.300	0.090
140.350	0.152
140.400	0.220
140.450	0.294
140.500	0.377
140.550	0.468
140.600	0.565
140.650	0.672
140.700	0.784
140.750	0.902
140.800	1.024
140.850	1.148
140.900	1.277
140.950	1.406
141.000	1.533
141.050	1.660
141.100	1.786
141.150	1.907
141.200	2.022
141.250	2.130
141.300	2.232
141.350	2.325
141.400	2.406
141.450	2.479
141.500	2.538
141.550	2.586
141.600	2.620
141.650	2.642
141.700	2.648
141.750	2.641
141.800	2.620
141.850	2.587
141.900	2.542
141.950	2.485
142.000	2.417
142.050	2.339
142.100	2.251
142.150	2.154
142.200	2.048
142.250	1.937
142.300	1.821
142.350	1.698
142.400	1.576
142.450	1.450
142.500	1.324
142.550	1.202
142.600	1.081
142.650	0.963
142.700	0.851
142.750	0.746
142.800	0.646
142.850	0.553
142.900	0.468
142.950	0.390
143.000	0.320
143.050	0.258
143.100	0.201
143.150	0.151
143.200	0.105
143.250	0.064
143.300	0.027
143.350	-0.009
143.400	-0.042
143.450	-0.074
143.500	-0.104
143.550	-0.130
143.600	-0.154
143.650	-0.174
143.700	-0.190
143.750	-0.201
143.800	-0.206
143.850	-0.206
143.900	-0.199
143.950	-0.187
144.000	-0.168
144.050	-0.145
144.100	-0.116
144.150	-0.083
144.200	-0.044
144.250	3.955E-16
144.300	0.049
144.350	0.104
144.400	0.162
144.450	0.226
144.500	0.297
144.550	0.375
144.600	0.460
144.650	0.553
144.700	0.653
144.750	0.759
144.800	0.869
144.850	0.983
144.900	1.101
144.950	1.222
145.000	1.345
145.050	1.469
145.100	1.591
145.150	1.712
145.200	1.828
145.250	1.943
145.300	2.051
145.350	2.152
145.400	2.246
145.450	2.331
145.500	2.408
145.550	2.472
145.600	2.527
145.650	2.570
145.700	2.601
145.750	2.619
145.800	2.625
145.850	2.617
145.900	2.597
145.950	2.565
146.000	2.523