Time (s) Auto	Angle (rad) Run #28
0.000	0.000
0.050	0.000
0.100	0.000
0.150	0.000
0.200	0.000
0.250	0.000
0.300	0.000
0.350	0.000
0.400	0.000
0.450	0.000
0.500	0.000
0.550	0.000
0.600	0.000
0.650	0.000
0.700	0.000
0.750	0.000
0.800	0.000
0.850	0.000
0.900	0.000
0.950	0.000
1.000	0.000
1.050	0.000
1.100	0.000
1.150	0.000
1.200	0.000
1.250	0.000
1.300	0.000
1.350	0.000
1.400	0.000
1.450	0.000
1.500	0.000
1.550	0.000
1.600	0.000
1.650	0.000
1.700	0.000
1.750	0.000
1.800	0.000
1.850	0.000
1.900	0.000
1.950	0.000
2.000	0.000
2.050	0.000
2.100	0.000
2.150	0.000
2.200	0.000
2.250	0.000
2.300	0.000
2.350	0.000
2.400	0.000
2.450	0.000
2.500	0.000
2.550	0.000
2.600	0.000
2.650	0.000
2.700	0.000
2.750	0.000
2.800	0.000
2.850	0.000
2.900	0.000
2.950	0.000
3.000	0.000
3.050	0.000
3.100	0.000
3.150	0.000
3.200	0.000
3.250	0.000
3.300	0.000
3.350	0.000
3.400	0.000
3.450	0.000
3.500	0.002
3.550	0.003
3.600	0.003
3.650	0.005
3.700	0.005
3.750	0.006
3.800	0.006
3.850	0.006
3.900	0.005
3.950	0.002
4.000	-0.002
4.050	-0.006
4.100	-0.009
4.150	-0.014
4.200	-0.017
4.250	-0.019
4.300	-0.019
4.350	-0.019
4.400	-0.017
4.450	-0.016
4.500	-0.013
4.550	-0.009
4.600	-0.006
4.650	-0.002
4.700	0.002
4.750	0.006
4.800	0.009
4.850	0.011
4.900	0.014
4.950	0.016
5.000	0.017
5.050	0.019
5.100	0.022
5.150	0.028
5.200	0.049
5.250	0.082
5.300	0.116
5.350	0.152
5.400	0.185
5.450	0.214
5.500	0.237
5.550	0.254
5.600	0.269
5.650	0.278
5.700	0.283
5.750	0.284
5.800	0.280
5.850	0.270
5.900	0.256
5.950	0.237
6.000	0.218
6.050	0.196
6.100	0.173
6.150	0.145
6.200	0.113
6.250	0.080
6.300	0.046
6.350	0.011
6.400	-0.020
6.450	-0.049
6.500	-0.072
6.550	-0.090
6.600	-0.102
6.650	-0.110
6.700	-0.108
6.750	-0.097
6.800	-0.079
6.850	-0.052
6.900	-0.020
6.950	0.011
7.000	0.041
7.050	0.064
7.100	0.079
7.150	0.083
7.200	0.079
7.250	0.064
7.300	0.046
7.350	0.024
7.400	0.002
7.450	-0.019
7.500	-0.035
7.550	-0.044
7.600	-0.044
7.650	-0.035
7.700	-0.017
7.750	0.003
7.800	0.024
7.850	0.041
7.900	0.053
7.950	0.060
8.000	0.058
8.050	0.046
8.100	0.025
8.150	-0.003
8.200	-0.036
8.250	-0.071
8.300	-0.107
8.350	-0.140
8.400	-0.168
8.450	-0.188
8.500	-0.199
8.550	-0.201
8.600	-0.192
8.650	-0.174
8.700	-0.154
8.750	-0.130
8.800	-0.108
8.850	-0.088
8.900	-0.072
8.950	-0.063
9.000	-0.058
9.050	-0.057
9.100	-0.057
9.150	-0.055
9.200	-0.052
9.250	-0.047
9.300	-0.041
9.350	-0.035
9.400	-0.027
9.450	-0.020
9.500	-0.014
9.550	-0.008
9.600	-0.005
9.650	-0.002
9.700	-0.002
9.750	-0.002
9.800	-0.002
9.850	-0.003
9.900	-0.006
9.950	-0.014
10.000	-0.024
10.050	-0.033
10.100	-0.044
10.150	-0.055
10.200	-0.063
10.250	-0.069
10.300	-0.072
10.350	-0.074
10.400	-0.072
10.450	-0.068
10.500	-0.063
10.550	-0.058
10.600	-0.052
10.650	-0.047
10.700	-0.041
10.750	-0.038
10.800	-0.036
10.850	-0.036
10.900	-0.036
10.950	-0.038
11.000	-0.039
11.050	-0.039
11.100	-0.041
11.150	-0.041
11.200	-0.041
11.250	-0.041
11.300	-0.041
11.350	-0.042
11.400	-0.044
11.450	-0.046
11.500	-0.047
11.550	-0.049
11.600	-0.050
11.650	-0.052
11.700	-0.053
11.750	-0.057
11.800	-0.058
11.850	-0.060
11.900	-0.061
11.950	-0.063
12.000	-0.066
12.050	-0.071
12.100	-0.075
12.150	-0.085
12.200	-0.096
12.250	-0.110
12.300	-0.129
12.350	-0.149
12.400	-0.174
12.450	-0.203
12.500	-0.232
12.550	-0.269
12.600	-0.311
12.650	-0.358
12.700	-0.412
12.750	-0.468
12.800	-0.528
12.850	-0.589
12.900	-0.649
12.950	-0.707
13.000	-0.759
13.050	-0.800
13.100	-0.829
13.150	-0.842
13.200	-0.844
13.250	-0.829
13.300	-0.804
13.350	-0.774
13.400	-0.740
13.450	-0.705
13.500	-0.671
13.550	-0.639
13.600	-0.613
13.650	-0.592
13.700	-0.583
13.750	-0.583
13.800	-0.592
13.850	-0.609
13.900	-0.631
13.950	-0.653
14.000	-0.672
14.050	-0.685
14.100	-0.690
14.150	-0.682
14.200	-0.664
14.250	-0.636
14.300	-0.598
14.350	-0.554
14.400	-0.503
14.450	-0.448
14.500	-0.391
14.550	-0.335
14.600	-0.283
14.650	-0.237
14.700	-0.201
14.750	-0.178
14.800	-0.165
14.850	-0.163
14.900	-0.174
14.950	-0.192
15.000	-0.218
15.050	-0.245
15.100	-0.273
15.150	-0.297
15.200	-0.314
15.250	-0.324
15.300	-0.322
15.350	-0.313
15.400	-0.294
15.450	-0.267
15.500	-0.234
15.550	-0.196
15.600	-0.154
15.650	-0.112
15.700	-0.069
15.750	-0.028
15.800	0.005
15.850	0.030
15.900	0.046
15.950	0.049
16.000	0.044
16.050	0.031
16.100	0.016
16.150	0.008
16.200	0.022
16.250	0.041
16.300	0.057
16.350	0.068
16.400	0.075
16.450	0.083
16.500	0.097
16.550	0.123
16.600	0.154
16.650	0.188
16.700	0.234
16.750	0.295
16.800	0.361
16.850	0.424
16.900	0.476
16.950	0.511
17.000	0.531
17.050	0.542
17.100	0.548
17.150	0.551
17.200	0.548
17.250	0.537
17.300	0.520
17.350	0.498
17.400	0.468
17.450	0.435
17.500	0.408
17.550	0.386
17.600	0.372
17.650	0.360
17.700	0.352
17.750	0.363
17.800	0.386
17.850	0.410
17.900	0.424
17.950	0.429
18.000	0.430
18.050	0.418
18.100	0.402
18.150	0.368
18.200	0.325
18.250	0.302
18.300	0.294
18.350	0.267
18.400	0.251
18.450	0.273
18.500	0.284
18.550	0.267
18.600	0.247
18.650	0.218
18.700	0.179
18.750	0.154
18.800	0.159
18.850	0.195
18.900	0.232
18.950	0.267
19.000	0.316
19.050	0.394
19.100	0.460
19.150	0.492
19.200	0.515
19.250	0.529
19.300	0.518
19.350	0.492
19.400	0.445
19.450	0.402
19.500	0.372
19.550	0.352
19.600	0.349
19.650	0.375
19.700	0.412
19.750	0.440
19.800	0.463
19.850	0.498
19.900	0.523
19.950	0.531
20.000	0.537
20.050	0.550
20.100	0.569
20.150	0.603
20.200	0.639
20.250	0.677
20.300	0.724
20.350	0.784
20.400	0.823
20.450	0.828
20.500	0.836
20.550	0.844
20.600	0.826
20.650	0.800
20.700	0.781
20.750	0.760
20.800	0.738
20.850	0.723
20.900	0.723
20.950	0.754
21.000	0.822
21.050	0.920
21.100	1.045
21.150	1.153
21.200	1.219
21.250	1.227
21.300	1.178
21.350	1.090
21.400	0.994
21.450	0.919
21.500	0.883
21.550	0.886
21.600	0.895
21.650	0.960
21.700	1.043
21.750	1.095
21.800	1.142
21.850	1.175
21.900	1.178
21.950	1.173
22.000	1.153
22.050	1.167
22.100	1.241
22.150	1.340
22.200	1.401
22.250	1.367
22.300	1.285
22.350	1.232
22.400	1.211
22.450	1.217
22.500	1.250
22.550	1.260
22.600	1.236
22.650	1.224
22.700	1.219
22.750	1.181
22.800	1.178
22.850	1.195
22.900	1.199
22.950	1.169
23.000	1.123
23.050	1.065
23.100	0.968
23.150	0.870
23.200	0.767
23.250	0.729
23.300	0.771
23.350	0.815
23.400	0.828
23.450	0.842
23.500	0.870
23.550	0.859
23.600	0.806
23.650	0.732
23.700	0.664
23.750	0.630
23.800	0.653
23.850	0.702
23.900	0.740
23.950	0.748
24.000	0.710
24.050	0.647
24.100	0.597
24.150	0.586
24.200	0.628
24.250	0.696
24.300	0.745
24.350	0.765
24.400	0.740
24.450	0.680
24.500	0.619
24.550	0.564
24.600	0.514
24.650	0.479
24.700	0.471
24.750	0.495
24.800	0.550
24.850	0.617
24.900	0.677
24.950	0.743
25.000	0.796
25.050	0.818
25.100	0.807
25.150	0.781
25.200	0.759
25.250	0.740
25.300	0.716
25.350	0.729
25.400	0.743
25.450	0.685
25.500	0.669
25.550	0.719
25.600	0.795
25.650	0.844
25.700	0.847
25.750	0.858
25.800	0.859
25.850	0.815
25.900	0.723
25.950	0.613
26.000	0.548
26.050	0.492
26.100	0.416
26.150	0.391
26.200	0.397
26.250	0.412
26.300	0.426
26.350	0.437
26.400	0.449
26.450	0.451
26.500	0.426
26.550	0.401
26.600	0.402
26.650	0.407
26.700	0.412
26.750	0.426
26.800	0.445
26.850	0.440
26.900	0.423
26.950	0.410
27.000	0.430
27.050	0.449
27.100	0.452
27.150	0.441
27.200	0.445
27.250	0.463
27.300	0.459
27.350	0.484
27.400	0.512
27.450	0.498
27.500	0.525
27.550	0.569
27.600	0.570
27.650	0.573
27.700	0.591
27.750	0.592
27.800	0.598
27.850	0.631
27.900	0.669
27.950	0.653
28.000	0.589
28.050	0.518
28.100	0.517
28.150	0.534
28.200	0.507
28.250	0.495
28.300	0.507
28.350	0.509
28.400	0.504
28.450	0.503
28.500	0.462
28.550	0.410
28.600	0.397
28.650	0.437
28.700	0.451
28.750	0.408
28.800	0.366
28.850	0.314
28.900	0.245
28.950	0.179
29.000	0.184
29.050	0.185
29.100	0.154
29.150	0.160
29.200	0.174
29.250	0.190
29.300	0.196
29.350	0.206
29.400	0.203
29.450	0.221
29.500	0.204
29.550	0.193
29.600	0.187
29.650	0.206
29.700	0.236
29.750	0.225
29.800	0.220
29.850	0.198
29.900	0.167
29.950	0.135
30.000	0.088
30.050	0.074
30.100	0.079
30.150	0.085
30.200	0.104
30.250	0.143
30.300	0.168
30.350	0.121
30.400	0.019
30.450	-0.097
30.500	-0.192
30.550	-0.245
30.600	-0.276
30.650	-0.308
30.700	-0.328
30.750	-0.357
30.800	-0.394
30.850	-0.421
30.900	-0.421
30.950	-0.394
31.000	-0.360
31.050	-0.341
31.100	-0.361
31.150	-0.408
31.200	-0.451
31.250	-0.438
31.300	-0.415
31.350	-0.361
31.400	-0.308
31.450	-0.289
31.500	-0.280
31.550	-0.251
31.600	-0.232
31.650	-0.236
31.700	-0.234
31.750	-0.228
31.800	-0.220
31.850	-0.209
31.900	-0.192
31.950	-0.154
32.000	-0.118
32.050	-0.072
32.100	-0.028
32.150	-0.008
32.200	0.006
32.250	0.013
32.300	0.025
32.350	0.094
32.400	0.214
32.450	0.325
32.500	0.386
32.550	0.405
32.600	0.396
32.650	0.377
32.700	0.369
32.750	0.391
32.800	0.441
32.850	0.518
32.900	0.609
32.950	0.699
33.000	0.787
33.050	0.875
33.100	0.957
33.150	1.032
33.200	1.103
33.250	1.170
33.300	1.235
33.350	1.293
33.400	1.346
33.450	1.385
33.500	1.420
33.550	1.470
33.600	1.538
33.650	1.604
33.700	1.654
33.750	1.682
33.800	1.709
33.850	1.742
33.900	1.786
33.950	1.830
34.000	1.863
34.050	1.891
34.100	1.918
34.150	1.943
34.200	1.974
34.250	2.006
34.300	2.036
34.350	2.061
34.400	2.080
34.450	2.094
34.500	2.102
34.550	2.102
34.600	2.097
34.650	2.084
34.700	2.069
34.750	2.051
34.800	2.033
34.850	2.014
34.900	1.996
34.950	1.981
35.000	1.967
35.050	1.957
35.100	1.949
35.150	1.948
35.200	1.948
35.250	1.953
35.300	1.959
35.350	1.967
35.400	1.974
35.450	1.981
35.500	1.987
35.550	1.992
35.600	1.995
35.650	1.996
35.700	1.996
35.750	1.995
35.800	1.993
35.850	1.990
35.900	1.989
35.950	1.985
36.000	1.984
36.050	1.982
36.100	1.981
36.150	1.979
36.200	1.978
36.250	1.978
36.300	1.978
36.350	1.979
36.400	1.979
36.450	1.981
36.500	1.984
36.550	1.985
36.600	1.987
36.650	1.989
36.700	1.989
36.750	1.989
36.800	1.987
36.850	1.985
36.900	1.984
36.950	1.984
37.000	1.982
37.050	1.981
37.100	1.981
37.150	1.981
37.200	1.981
37.250	1.982
37.300	1.982
37.350	1.984
37.400	1.984
37.450	1.985
37.500	1.985
37.550	1.985
37.600	1.987
37.650	1.987
37.700	1.987
37.750	1.987
37.800	1.987
37.850	1.985
37.900	1.985
37.950	1.984
38.000	1.982
38.050	1.981
38.100	1.979
38.150	1.979
38.200	1.979
38.250	1.981
38.300	1.982
38.350	1.985
38.400	1.989
38.450	1.992
38.500	1.993
38.550	1.995
38.600	1.993
38.650	1.992
38.700	1.989
38.750	1.985
38.800	1.981
38.850	1.978
38.900	1.976
38.950	1.974
39.000	1.976
39.050	1.979
39.100	1.982
39.150	1.987
39.200	1.992
39.250	1.995
39.300	1.998
39.350	1.998
39.400	1.998
39.450	1.995
39.500	1.992
39.550	1.987
39.600	1.982
39.650	1.979
39.700	1.976
39.750	1.974
39.800	1.974
39.850	1.978
39.900	1.981
39.950	1.985
40.000	1.989
40.050	1.993
40.100	1.995
40.150	1.996
40.200	1.995
40.250	1.993
40.300	1.990
40.350	1.985
40.400	1.982
40.450	1.979
40.500	1.978
40.550	1.976
40.600	1.978
40.650	1.979
40.700	1.982
40.750	1.985
40.800	1.989
40.850	1.992
40.900	1.995
40.950	1.995
41.000	1.993
41.050	1.992
41.100	1.989
41.150	1.985
41.200	1.981
41.250	1.979
41.300	1.976
41.350	1.976
41.400	1.978
41.450	1.981
41.500	1.984
41.550	1.987
41.600	1.990
41.650	1.992
41.700	1.993
41.750	1.993
41.800	1.993
41.850	1.990
41.900	1.987
41.950	1.984
42.000	1.981
42.050	1.979
42.100	1.978
42.150	1.978
42.200	1.979
42.250	1.982
42.300	1.985
42.350	1.987
42.400	1.990
42.450	1.992
42.500	1.992
42.550	1.992
42.600	1.990
42.650	1.989
42.700	1.985
42.750	1.984
42.800	1.982
42.850	1.979
42.900	1.979
42.950	1.979
43.000	1.981
43.050	1.982
43.100	1.985
43.150	1.987
43.200	1.990
43.250	1.992
43.300	1.993
43.350	1.993
43.400	1.993
43.450	1.992
43.500	1.989
43.550	1.985
43.600	1.982
43.650	1.979
43.700	1.978
43.750	1.976
43.800	1.976
43.850	1.978
43.900	1.981
43.950	1.984
44.000	1.987
44.050	1.992
44.100	1.995
44.150	1.996
44.200	1.996
44.250	1.995
44.300	1.993
44.350	1.990
44.400	1.985
44.450	1.981
44.500	1.978
44.550	1.974
44.600	1.974
44.650	1.974
44.700	1.978
44.750	1.981
44.800	1.985
44.850	1.989
44.900	1.993
44.950	1.995
45.000	1.996
45.050	1.996
45.100	1.995
45.150	1.992
45.200	1.987
45.250	1.984
45.300	1.981
45.350	1.978
45.400	1.976
45.450	1.978
45.500	1.979
45.550	1.982
45.600	1.987
45.650	1.990
45.700	1.993
45.750	1.996
45.800	1.996
45.850	1.996
45.900	1.993
45.950	1.990
46.000	1.985
46.050	1.982
46.100	1.979
46.150	1.978
46.200	1.976
46.250	1.978