Time (s) Auto	Angle (rad) Run #25
0.000	0.000
0.050	0.000
0.100	-0.003
0.150	-0.017
0.200	-0.047
0.250	-0.099
0.300	-0.179
0.350	-0.291
0.400	-0.435
0.450	-0.614
0.500	-0.826
0.550	-1.068
0.600	-1.334
0.650	-1.616
0.700	-1.909
0.750	-2.201
0.800	-2.483
0.850	-2.744
0.900	-2.972
0.950	-3.160
1.000	-3.297
1.050	-3.374
1.100	-3.387
1.150	-3.330
1.200	-3.208
1.250	-3.018
1.300	-2.766
1.350	-2.454
1.400	-2.091
1.450	-1.682
1.500	-1.241
1.550	-0.773
1.600	-0.292
1.650	0.188
1.700	0.655
1.750	1.090
1.800	1.475
1.850	1.783
1.900	1.992
1.950	2.083
2.000	2.047
2.050	1.883
2.100	1.605
2.150	1.232
2.200	0.781
2.250	0.269
2.300	-0.289
2.350	-0.875
2.400	-1.470
2.450	-2.058
2.500	-2.619
2.550	-3.135
2.600	-3.591
2.650	-3.968
2.700	-4.257
2.750	-4.445
2.800	-4.529
2.850	-4.507
2.900	-4.381
2.950	-4.161
3.000	-3.852
3.050	-3.467
3.100	-3.019
3.150	-2.524
3.200	-1.998
3.250	-1.456
3.300	-0.909
3.350	-0.372
3.400	0.141
3.450	0.619
3.500	1.049
3.550	1.420
3.600	1.714
3.650	1.918
3.700	2.017
3.750	2.007
3.800	1.893
3.850	1.682
3.900	1.392
3.950	1.038
4.000	0.636
4.050	0.195
4.100	-0.272
4.150	-0.752
4.200	-1.235
4.250	-1.706
4.300	-2.155
4.350	-2.570
4.400	-2.941
4.450	-3.258
4.500	-3.512
4.550	-3.698
4.600	-3.809
4.650	-3.847
4.700	-3.811
4.750	-3.706
4.800	-3.537
4.850	-3.311
4.900	-3.038
4.950	-2.725
5.000	-2.381
5.050	-2.018
5.100	-1.641
5.150	-1.260
5.200	-0.881
5.250	-0.511
5.300	-0.154
5.350	0.181
5.400	0.487
5.450	0.762
5.500	0.999
5.550	1.192
5.600	1.334
5.650	1.418
5.700	1.440
5.750	1.398
5.800	1.293
5.850	1.126
5.900	0.905
5.950	0.631
6.000	0.311
6.050	-0.047
6.100	-0.438
6.150	-0.850
6.200	-1.274
6.250	-1.698
6.300	-2.111
6.350	-2.504
6.400	-2.860
6.450	-3.175
6.500	-3.435
6.550	-3.635
6.600	-3.764
6.650	-3.820
6.700	-3.801
6.750	-3.710
6.800	-3.550
6.850	-3.325
6.900	-3.044
6.950	-2.716
7.000	-2.347
7.050	-1.949
7.100	-1.530
7.150	-1.100
7.200	-0.668
7.250	-0.240
7.300	0.173
7.350	0.559
7.400	0.913
7.450	1.221
7.500	1.473
7.550	1.654
7.600	1.756
7.650	1.767
7.700	1.689
7.750	1.522
7.800	1.280
7.850	0.972
7.900	0.608
7.950	0.198
8.000	-0.250
8.050	-0.719
8.100	-1.200
8.150	-1.681
8.200	-2.146
8.250	-2.582
8.300	-2.978
8.350	-3.322
8.400	-3.603
8.450	-3.814
8.500	-3.946
8.550	-3.998
8.600	-3.969
8.650	-3.863
8.700	-3.682
8.750	-3.437
8.800	-3.132
8.850	-2.782
8.900	-2.394
8.950	-1.979
9.000	-1.550
9.050	-1.114
9.100	-0.680
9.150	-0.258
9.200	0.143
9.250	0.517
9.300	0.853
9.350	1.144
9.400	1.381
9.450	1.554
9.500	1.652
9.550	1.673
9.600	1.613
9.650	1.475
9.700	1.269
9.750	1.004
9.800	0.686
9.850	0.324
9.900	-0.074
9.950	-0.498
10.000	-0.938
10.050	-1.381
10.100	-1.816
10.150	-2.234
10.200	-2.622
10.250	-2.967
10.300	-3.266
10.350	-3.504
10.400	-3.677
10.450	-3.779
10.500	-3.809
10.550	-3.767
10.600	-3.655
10.650	-3.479
10.700	-3.247
10.750	-2.964
10.800	-2.642
10.850	-2.287
10.900	-1.909
10.950	-1.517
11.000	-1.118
11.050	-0.721
11.100	-0.333
11.150	0.039
11.200	0.388
11.250	0.705
11.300	0.986
11.350	1.221
11.400	1.401
11.450	1.517
11.500	1.565
11.550	1.539
11.600	1.440
11.650	1.274
11.700	1.046
11.750	0.763
11.800	0.434
11.850	0.061
11.900	-0.341
11.950	-0.767
12.000	-1.202
12.050	-1.638
12.100	-2.061
12.150	-2.463
12.200	-2.829
12.250	-3.151
12.300	-3.418
12.350	-3.622
12.400	-3.759
12.450	-3.822
12.500	-3.811
12.550	-3.729
12.600	-3.577
12.650	-3.365
12.700	-3.098
12.750	-2.783
12.800	-2.432
12.850	-2.051
12.900	-1.654
12.950	-1.246
13.000	-0.836
13.050	-0.430
13.100	-0.039
13.150	0.330
13.200	0.668
13.250	0.968
13.300	1.224
13.350	1.423
13.400	1.558
13.450	1.619
13.500	1.602
13.550	1.510
13.600	1.343
13.650	1.114
13.700	0.828
13.750	0.492
13.800	0.116
13.850	-0.291
13.900	-0.721
13.950	-1.161
14.000	-1.601
14.050	-2.026
14.100	-2.430
14.150	-2.799
14.200	-3.123
14.250	-3.393
14.300	-3.600
14.350	-3.740
14.400	-3.806
14.450	-3.800
14.500	-3.723
14.550	-3.578
14.600	-3.373
14.650	-3.115
14.700	-2.812
14.750	-2.472
14.800	-2.106
14.850	-1.722
14.900	-1.327
14.950	-0.930
15.000	-0.539
15.050	-0.162
15.100	0.198
15.150	0.528
15.200	0.823
15.250	1.079
15.300	1.285
15.350	1.434
15.400	1.519
15.450	1.535
15.500	1.478
15.550	1.354
15.600	1.169
15.650	0.927
15.700	0.635
15.750	0.298
15.800	-0.074
15.850	-0.473
15.900	-0.889
15.950	-1.312
16.000	-1.731
16.050	-2.136
16.100	-2.515
16.150	-2.857
16.200	-3.156
16.250	-3.401
16.300	-3.583
16.350	-3.701
16.400	-3.748
16.450	-3.724
16.500	-3.633
16.550	-3.481
16.600	-3.269
16.650	-3.010
16.700	-2.706
16.750	-2.370
16.800	-2.009
16.850	-1.632
16.900	-1.247
16.950	-0.859
17.000	-0.479
17.050	-0.112
17.100	0.236
17.150	0.556
17.200	0.844
17.250	1.089
17.300	1.286
17.350	1.428
17.400	1.506
17.450	1.516
17.500	1.455
17.550	1.327
17.600	1.139
17.650	0.894
17.700	0.598
17.750	0.261
17.800	-0.112
17.850	-0.512
17.900	-0.927
17.950	-1.349
18.000	-1.767
18.050	-2.168
18.100	-2.543
18.150	-2.882
18.200	-3.175
18.250	-3.413
18.300	-3.589
18.350	-3.699
18.400	-3.740
18.450	-3.710
18.500	-3.614
18.550	-3.456
18.600	-3.242
18.650	-2.980
18.700	-2.677
18.750	-2.342
18.800	-1.984
18.850	-1.610
18.900	-1.230
18.950	-0.850
19.000	-0.474
19.050	-0.115
19.100	0.225
19.150	0.536
19.200	0.812
19.250	1.051
19.300	1.243
19.350	1.381
19.400	1.458
19.450	1.470
19.500	1.417
19.550	1.301
19.600	1.125
19.650	0.895
19.700	0.617
19.750	0.297
19.800	-0.058
19.850	-0.441
19.900	-0.842
19.950	-1.250
20.000	-1.657
20.050	-2.051
20.100	-2.422
20.150	-2.760
20.200	-3.057
20.250	-3.303
20.300	-3.492
20.350	-3.619
20.400	-3.679
20.450	-3.673
20.500	-3.600
20.550	-3.465
20.600	-3.277
20.650	-3.038
20.700	-2.760
20.750	-2.446
20.800	-2.106
20.850	-1.750
20.900	-1.384
20.950	-1.015
21.000	-0.649
21.050	-0.292
21.100	0.047
21.150	0.363
21.200	0.649
21.250	0.900
21.300	1.111
21.350	1.275
21.400	1.384
21.450	1.433
21.500	1.418
21.550	1.340
21.600	1.202
21.650	1.007
21.700	0.763
21.750	0.473
21.800	0.143
21.850	-0.220
21.900	-0.605
21.950	-1.005
22.000	-1.409
22.050	-1.806
22.100	-2.188
22.150	-2.543
22.200	-2.864
22.250	-3.138
22.300	-3.360
22.350	-3.525
22.400	-3.625
22.450	-3.662
22.500	-3.630
22.550	-3.536
22.600	-3.385
22.650	-3.181
22.700	-2.931
22.750	-2.644
22.800	-2.326
22.850	-1.985
22.900	-1.632
22.950	-1.269
23.000	-0.906
23.050	-0.550
23.100	-0.204
23.150	0.121
23.200	0.423
23.250	0.693
23.300	0.928
23.350	1.123
23.400	1.269
23.450	1.362
23.500	1.395
23.550	1.368
23.600	1.280
23.650	1.136
23.700	0.939
23.750	0.694
23.800	0.408
23.850	0.083
23.900	-0.270
23.950	-0.646
24.000	-1.034
24.050	-1.426
24.100	-1.810
24.150	-2.179
24.200	-2.523
24.250	-2.829
24.300	-3.094
24.350	-3.308
24.400	-3.467
24.450	-3.566
24.500	-3.600
24.550	-3.572
24.600	-3.486
24.650	-3.343
24.700	-3.149
24.750	-2.914
24.800	-2.639
24.850	-2.337
24.900	-2.012
24.950	-1.673
25.000	-1.326
25.050	-0.975
25.100	-0.631
25.150	-0.297
25.200	0.020
25.250	0.316
25.300	0.584
25.350	0.820
25.400	1.019
25.450	1.177
25.500	1.285
25.550	1.338
25.600	1.335
25.650	1.272
25.700	1.155
25.750	0.983
25.800	0.763
25.850	0.500
25.900	0.198
25.950	-0.138
26.000	-0.498
26.050	-0.875
26.100	-1.258
26.150	-1.641
26.200	-2.012
26.250	-2.362
26.300	-2.683
26.350	-2.964
26.400	-3.200
26.450	-3.382
26.500	-3.508
26.550	-3.570
26.600	-3.572
26.650	-3.514
26.700	-3.398
26.750	-3.230
26.800	-3.016
26.850	-2.761
26.900	-2.476
26.950	-2.163
27.000	-1.835
27.050	-1.494
27.100	-1.148
27.150	-0.804
27.200	-0.468
27.250	-0.145
27.300	0.160
27.350	0.440
27.400	0.690
27.450	0.906
27.500	1.085
27.550	1.219
27.600	1.301
27.650	1.329
27.700	1.297
27.750	1.211
27.800	1.070
27.850	0.880
27.900	0.642
27.950	0.364
28.000	0.050
28.050	-0.292
28.100	-0.657
28.150	-1.032
28.200	-1.414
28.250	-1.788
28.300	-2.147
28.350	-2.483
28.400	-2.785
28.450	-3.046
28.500	-3.259
28.550	-3.418
28.600	-3.519
28.650	-3.559
28.700	-3.539
28.750	-3.459
28.800	-3.325
28.850	-3.142
28.900	-2.917
28.950	-2.655
29.000	-2.362
29.050	-2.048
29.100	-1.720
29.150	-1.382
29.200	-1.043
29.250	-0.708
29.300	-0.382
29.350	-0.071
29.400	0.220
29.450	0.485
29.500	0.719
29.550	0.922
29.600	1.084
29.650	1.203
29.700	1.272
29.750	1.288
29.800	1.250
29.850	1.158
29.900	1.015
29.950	0.826
30.000	0.592
30.050	0.319
30.100	0.011
30.150	-0.324
30.200	-0.679
30.250	-1.046
30.300	-1.415
30.350	-1.780
30.400	-2.130
30.450	-2.455
30.500	-2.750
30.550	-3.003
30.600	-3.211
30.650	-3.368
30.700	-3.468
30.750	-3.509
30.800	-3.492
30.850	-3.420
30.900	-3.294
30.950	-3.121
31.000	-2.906
31.050	-2.656
31.100	-2.377
31.150	-2.075
31.200	-1.759
31.250	-1.434
31.300	-1.106
31.350	-0.781
31.400	-0.463
31.450	-0.159
31.500	0.127
31.550	0.391
31.600	0.627
31.650	0.831
31.700	1.001
31.750	1.131
31.800	1.214
31.850	1.249
31.900	1.230
31.950	1.159
32.000	1.038
32.050	0.870
32.100	0.657
32.150	0.404
32.200	0.115
32.250	-0.204
32.300	-0.547
32.350	-0.903
32.400	-1.268
32.450	-1.630
32.500	-1.982
32.550	-2.314
32.600	-2.619
32.650	-2.886
32.700	-3.112
32.750	-3.289
32.800	-3.412
32.850	-3.478
32.900	-3.487
32.950	-3.438
33.000	-3.338
33.050	-3.187
33.100	-2.994
33.150	-2.763
33.200	-2.501
33.250	-2.213
33.300	-1.909
33.350	-1.591
33.400	-1.269
33.450	-0.947
33.500	-0.631
33.550	-0.325
33.600	-0.035
33.650	0.236
33.700	0.481
33.750	0.699
33.800	0.884
33.850	1.034
33.900	1.142
33.950	1.205
34.000	1.219
34.050	1.181
34.100	1.095
34.150	0.958
34.200	0.779
34.250	0.556
34.300	0.297
34.350	0.003
34.400	-0.317
34.450	-0.658
34.500	-1.010
34.550	-1.368
34.600	-1.720
34.650	-2.061
34.700	-2.380
34.750	-2.669
34.800	-2.922
34.850	-3.131
34.900	-3.291
34.950	-3.399
35.000	-3.451
35.050	-3.446
35.100	-3.388
35.150	-3.280
35.200	-3.126
35.250	-2.930
35.300	-2.700
35.350	-2.439
35.400	-2.157
35.450	-1.858
35.500	-1.549
35.550	-1.236
35.600	-0.924
35.650	-0.617
35.700	-0.322
35.750	-0.042
35.800	0.218
35.850	0.456
35.900	0.664
35.950	0.844
36.000	0.990
36.050	1.096
36.100	1.159
36.150	1.177
36.200	1.145
36.250	1.065
36.300	0.939
36.350	0.771
36.400	0.562
36.450	0.314
36.500	0.035
36.550	-0.273
36.600	-0.603
36.650	-0.946
36.700	-1.296
36.750	-1.641
36.800	-1.978
36.850	-2.295
36.900	-2.587
36.950	-2.842
37.000	-3.057
37.050	-3.226
37.100	-3.344
37.150	-3.409
37.200	-3.420
37.250	-3.377
37.300	-3.283
37.350	-3.143
37.400	-2.964
37.450	-2.747
37.500	-2.501
37.550	-2.229
37.600	-1.942
37.650	-1.643
37.700	-1.337
37.750	-1.030
37.800	-0.729
37.850	-0.435
37.900	-0.156
37.950	0.108
38.000	0.350
38.050	0.567
38.100	0.756
38.150	0.913
38.200	1.035
38.250	1.117
38.300	1.155
38.350	1.147
38.400	1.089
38.450	0.986
38.500	0.839
38.550	0.650
38.600	0.424
38.650	0.162
38.700	-0.132
38.750	-0.448
38.800	-0.781
38.850	-1.123
38.900	-1.467
38.950	-1.805
39.000	-2.128
39.050	-2.428
39.100	-2.700
39.150	-2.933
39.200	-3.123
39.250	-3.266
39.300	-3.358
39.350	-3.396
39.400	-3.382
39.450	-3.318
39.500	-3.204
39.550	-3.049
39.600	-2.856
39.650	-2.631
39.700	-2.380
39.750	-2.106
39.800	-1.821
39.850	-1.527
39.900	-1.228
39.950	-0.933
40.000	-0.642
40.050	-0.363
40.100	-0.097
40.150	0.149
40.200	0.375
40.250	0.576
40.300	0.751
40.350	0.894
40.400	1.002
40.450	1.074
40.500	1.106
40.550	1.095
40.600	1.038
40.650	0.938
40.700	0.798
40.750	0.616
40.800	0.397
40.850	0.145
40.900	-0.140
40.950	-0.446
41.000	-0.770
41.050	-1.103
41.100	-1.440
41.150	-1.772
41.200	-2.089
41.250	-2.386
41.300	-2.655
41.350	-2.887
41.400	-3.079
41.450	-3.226
41.500	-3.322
41.550	-3.366
41.600	-3.360
41.650	-3.302
41.700	-3.198
41.750	-3.052
41.800	-2.867
41.850	-2.652
41.900	-2.408
41.950	-2.144
42.000	-1.866
42.050	-1.579
42.100	-1.286
42.150	-0.996
42.200	-0.710
42.250	-0.435
42.300	-0.173
42.350	0.074
42.400	0.298
42.450	0.501
42.500	0.679
42.550	0.826
42.600	0.942
42.650	1.024
42.700	1.068
42.750	1.070
42.800	1.030
42.850	0.949
42.900	0.826
42.950	0.664
43.000	0.465
43.050	0.232
43.100	-0.031
43.150	-0.320
43.200	-0.630
43.250	-0.952
43.300	-1.280
43.350	-1.605
43.400	-1.923
43.450	-2.223
43.500	-2.499
43.550	-2.744
43.600	-2.952
43.650	-3.116
43.700	-3.237
43.750	-3.308
43.800	-3.329
43.850	-3.300
43.900	-3.223
43.950	-3.104
44.000	-2.947
44.050	-2.755
44.100	-2.535
44.150	-2.290
44.200	-2.028
44.250	-1.755
44.300	-1.475
44.350	-1.192
44.400	-0.913
44.450	-0.639
44.500	-0.377
44.550	-0.127
44.600	0.105
44.650	0.319
44.700	0.509
44.750	0.675
44.800	0.814
44.850	0.922
44.900	0.996
44.950	1.035
45.000	1.034
45.050	0.993
45.100	0.913
45.150	0.792
45.200	0.633
45.250	0.437
45.300	0.207
45.350	-0.053
45.400	-0.339
45.450	-0.646
45.500	-0.964
45.550	-1.288
45.600	-1.612
45.650	-1.926
45.700	-2.223
45.750	-2.496
45.800	-2.739
45.850	-2.945
45.900	-3.109
45.950	-3.228
46.000	-3.299
46.050	-3.319
46.100	-3.289
46.150	-3.215
46.200	-3.098
46.250	-2.941
46.300	-2.752
46.350	-2.534
46.400	-2.293
46.450	-2.034
46.500	-1.764
46.550	-1.489
46.600	-1.211
46.650	-0.935
46.700	-0.666
46.750	-0.407
46.800	-0.162
46.850	0.068
46.900	0.276
46.950	0.465
47.000	0.630
47.050	0.768
47.100	0.878
47.150	0.957
47.200	0.999
47.250	1.007
47.300	0.975
47.350	0.905
47.400	0.796
47.450	0.652
47.500	0.470
47.550	0.254
47.600	0.008
47.650	-0.264
47.700	-0.558
47.750	-0.866
47.800	-1.183
47.850	-1.500
47.900	-1.811
47.950	-2.108
48.000	-2.384
48.050	-2.633
48.100	-2.848
48.150	-3.024
48.200	-3.157
48.250	-3.244
48.300	-3.283
48.350	-3.272
48.400	-3.217
48.450	-3.118
48.500	-2.981
48.550	-2.810
48.600	-2.611
48.650	-2.384
48.700	-2.141
48.750	-1.883
48.800	-1.618
48.850	-1.349
48.900	-1.081
48.950	-0.815
49.000	-0.559
49.050	-0.314
49.100	-0.082
49.150	0.132
49.200	0.328
49.250	0.503
49.300	0.655
49.350	0.781
49.400	0.878
49.450	0.944
49.500	0.977
49.550	0.974
49.600	0.933
49.650	0.855
49.700	0.740
49.750	0.589
49.800	0.404
49.850	0.184
49.900	-0.064
49.950	-0.338
50.000	-0.630
50.050	-0.936
50.100	-1.249
50.150	-1.563
50.200	-1.866
50.250	-2.157
50.300	-2.425
50.350	-2.666
50.400	-2.870
50.450	-3.036
50.500	-3.159
50.550	-3.237
50.600	-3.267
50.650	-3.250
50.700	-3.187
50.750	-3.083
50.800	-2.944
50.850	-2.769
50.900	-2.568
50.950	-2.344
51.000	-2.100
51.050	-1.846
51.100	-1.585
51.150	-1.321
51.200	-1.057
51.250	-0.800
51.300	-0.550
51.350	-0.311
51.400	-0.086
51.450	0.121
51.500	0.311
51.550	0.481
51.600	0.627
51.650	0.748
51.700	0.844
51.750	0.909
51.800	0.944
51.850	0.944
51.900	0.908
51.950	0.837
52.000	0.730
52.050	0.587
52.100	0.412
52.150	0.203
52.200	-0.036
52.250	-0.298
52.300	-0.581
52.350	-0.878
52.400	-1.184
52.450	-1.491
52.500	-1.791
52.550	-2.077
52.600	-2.345
52.650	-2.587
52.700	-2.798
52.750	-2.969
52.800	-3.101
52.850	-3.189
52.900	-3.231
52.950	-3.228
53.000	-3.179
53.050	-3.091
53.100	-2.966
53.150	-2.807
53.200	-2.620
53.250	-2.410
53.300	-2.180
53.350	-1.938
53.400	-1.687
53.450	-1.434
53.500	-1.180
53.550	-0.928
53.600	-0.685
53.650	-0.451
53.700	-0.229
53.750	-0.022
53.800	0.170
53.850	0.342
53.900	0.496
53.950	0.628
54.000	0.738
54.050	0.822
54.100	0.878
54.150	0.903
54.200	0.895
54.250	0.853
54.300	0.778
54.350	0.669
54.400	0.526
54.450	0.350
54.500	0.143
54.550	-0.091
54.600	-0.350
54.650	-0.627
54.700	-0.917
54.750	-1.216
54.800	-1.514
54.850	-1.806
54.900	-2.084
54.950	-2.345
55.000	-2.579
55.050	-2.782
55.100	-2.948
55.150	-3.074
55.200	-3.159
55.250	-3.198
55.300	-3.193
55.350	-3.146
55.400	-3.060
55.450	-2.937
55.500	-2.783
55.550	-2.601
55.600	-2.399
55.650	-2.176
55.700	-1.942
55.750	-1.700
55.800	-1.453
55.850	-1.206
55.900	-0.964
55.950	-0.727
56.000	-0.500
56.050	-0.283
56.100	-0.080
56.150	0.107
56.200	0.278
56.250	0.432
56.300	0.567
56.350	0.680
56.400	0.770
56.450	0.834
56.500	0.869
56.550	0.873
56.600	0.844
56.650	0.781
56.700	0.686
56.750	0.558
56.800	0.397
56.850	0.206
56.900	-0.014
56.950	-0.261
57.000	-0.526
57.050	-0.807
57.100	-1.098
57.150	-1.390
57.200	-1.681
57.250	-1.960
57.300	-2.224
57.350	-2.466
57.400	-2.680
57.450	-2.859
57.500	-3.000
57.550	-3.102
57.600	-3.162
57.650	-3.179
57.700	-3.153
57.750	-3.085
57.800	-2.983
57.850	-2.848
57.900	-2.684
57.950	-2.496
58.000	-2.287
58.050	-2.062
58.100	-1.830
58.150	-1.591
58.200	-1.349
58.250	-1.111
58.300	-0.877
58.350	-0.649
58.400	-0.432
58.450	-0.226
58.500	-0.033
58.550	0.143
58.600	0.305
58.650	0.448
58.700	0.572
58.750	0.677
58.800	0.757
58.850	0.814
58.900	0.844
58.950	0.842
59.000	0.807
59.050	0.743
59.100	0.646
59.150	0.517
59.200	0.357
59.250	0.167
59.300	-0.052
59.350	-0.292
59.400	-0.554
59.450	-0.831
59.500	-1.115
59.550	-1.403
59.600	-1.687
59.650	-1.960
59.700	-2.218
59.750	-2.454
59.800	-2.663
59.850	-2.837
59.900	-2.975
59.950	-3.074
60.000	-3.132
60.050	-3.149
60.100	-3.124
60.150	-3.061
60.200	-2.964
60.250	-2.834
60.300	-2.675
60.350	-2.494
60.400	-2.293
60.450	-2.078
60.500	-1.854
60.550	-1.623
60.600	-1.390
60.650	-1.159
60.700	-0.931
60.750	-0.710
60.800	-0.498
60.850	-0.295
60.900	-0.107
60.950	0.069
61.000	0.229
61.050	0.375
61.100	0.503
61.150	0.613
61.200	0.702
61.250	0.770
61.300	0.811
61.350	0.823
61.400	0.807
61.450	0.759
61.500	0.680
61.550	0.570
61.600	0.429
61.650	0.256
61.700	0.053
61.750	-0.174
61.800	-0.426
61.850	-0.693
61.900	-0.972
61.950	-1.260
62.000	-1.546
62.050	-1.824
62.100	-2.089
62.150	-2.337
62.200	-2.560
62.250	-2.750
62.300	-2.908
62.350	-3.025
62.400	-3.104
62.450	-3.140
62.500	-3.137
62.550	-3.093
62.600	-3.013
62.650	-2.900
62.700	-2.757
62.750	-2.587
62.800	-2.399
62.850	-2.193
62.900	-1.976
62.950	-1.751
63.000	-1.525
63.050	-1.297
63.100	-1.074
63.150	-0.856
63.200	-0.646
63.250	-0.445
63.300	-0.254
63.350	-0.077
63.400	0.086
63.450	0.236
63.500	0.371
63.550	0.490
63.600	0.591
63.650	0.674
63.700	0.735
63.750	0.771
63.800	0.784
63.850	0.765
63.900	0.719
63.950	0.642
64.000	0.536
64.050	0.399
64.100	0.231
64.150	0.036
64.200	-0.184
64.250	-0.426
64.300	-0.685
64.350	-0.957
64.400	-1.235
64.450	-1.513
64.500	-1.784
64.550	-2.045
64.600	-2.289
64.650	-2.509
64.700	-2.700
64.750	-2.857
64.800	-2.978
64.850	-3.060
64.900	-3.104
64.950	-3.107
65.000	-3.071
65.050	-3.000
65.100	-2.898
65.150	-2.765
65.200	-2.608
65.250	-2.428
65.300	-2.232
65.350	-2.023
65.400	-1.808
65.450	-1.590
65.500	-1.370
65.550	-1.151
65.600	-0.938
65.650	-0.732
65.700	-0.534
65.750	-0.347
65.800	-0.170
65.850	-0.006
65.900	0.146
65.950	0.284
66.000	0.408
66.050	0.518
66.100	0.609
66.150	0.683
66.200	0.734
66.250	0.762
66.300	0.762
66.350	0.734
66.400	0.677
66.450	0.591
66.500	0.473
66.550	0.327
66.600	0.152
66.650	-0.050
66.700	-0.275
66.750	-0.520
66.800	-0.781
66.850	-1.051
66.900	-1.326
66.950	-1.598
67.000	-1.863
67.050	-2.114
67.100	-2.347
67.150	-2.556
67.200	-2.733
67.250	-2.876
67.300	-2.983
67.350	-3.052
67.400	-3.083
67.450	-3.076
67.500	-3.030
67.550	-2.953
67.600	-2.845
67.650	-2.710
67.700	-2.551
67.750	-2.373
67.800	-2.182
67.850	-1.979
67.900	-1.772
67.950	-1.561
68.000	-1.351
68.050	-1.144
68.100	-0.942
68.150	-0.746
68.200	-0.559
68.250	-0.380
68.300	-0.212
68.350	-0.055
68.400	0.091
68.450	0.226
68.500	0.350
68.550	0.460
68.600	0.554
68.650	0.631
68.700	0.691
68.750	0.727
68.800	0.740
68.850	0.724
68.900	0.682
68.950	0.609
69.000	0.507
69.050	0.375
69.100	0.214
69.150	0.024
69.200	-0.190
69.250	-0.427
69.300	-0.680
69.350	-0.947
69.400	-1.219
69.450	-1.494
69.500	-1.761
69.550	-2.017
69.600	-2.257
69.650	-2.474
69.700	-2.664
69.750	-2.820
69.800	-2.941
69.850	-3.024
69.900	-3.069
69.950	-3.076
70.000	-3.046
70.050	-2.981
70.100	-2.887
70.150	-2.763
70.200	-2.615
70.250	-2.447
70.300	-2.265
70.350	-2.070
70.400	-1.868
70.450	-1.662
70.500	-1.456
70.550	-1.252
70.600	-1.052
70.650	-0.859
70.700	-0.674
70.750	-0.496
70.800	-0.330
70.850	-0.173
70.900	-0.025
70.950	0.110
71.000	0.236
71.050	0.350
71.100	0.451
71.150	0.539
71.200	0.611
71.250	0.666
71.300	0.697
71.350	0.707
71.400	0.690
71.450	0.646
71.500	0.575
71.550	0.474
71.600	0.344
71.650	0.185
71.700	0.002
71.750	-0.207
71.800	-0.437
71.850	-0.683
71.900	-0.942
71.950	-1.208
72.000	-1.473
72.050	-1.734
72.100	-1.984
72.150	-2.218
72.200	-2.432
72.250	-2.619
72.300	-2.772
72.350	-2.893
72.400	-2.978
72.450	-3.025
72.500	-3.036
72.550	-3.013
72.600	-2.955
72.650	-2.868
72.700	-2.755
72.750	-2.617
72.800	-2.461
72.850	-2.289
72.900	-2.106
72.950	-1.915
73.000	-1.722
73.050	-1.527
73.100	-1.332
73.150	-1.142
73.200	-0.958
73.250	-0.779
73.300	-0.608
73.350	-0.446
73.400	-0.291
73.450	-0.145
73.500	-0.008
73.550	0.121
73.600	0.240
73.650	0.350
73.700	0.449
73.750	0.536
73.800	0.606
73.850	0.658
73.900	0.690
73.950	0.697
74.000	0.679
74.050	0.631
74.100	0.556
74.150	0.451
74.200	0.317
74.250	0.154
74.300	-0.035
74.350	-0.248
74.400	-0.482
74.450	-0.732
74.500	-0.993
74.550	-1.258
74.600	-1.524
74.650	-1.783
74.700	-2.029
74.750	-2.259
74.800	-2.466
74.850	-2.645
74.900	-2.793
74.950	-2.904
75.000	-2.980
75.050	-3.021
75.100	-3.024
75.150	-2.994
75.200	-2.931
75.250	-2.840
75.300	-2.724
75.350	-2.587
75.400	-2.430
75.450	-2.260
75.500	-2.081
75.550	-1.896
75.600	-1.709
75.650	-1.522
75.700	-1.337
75.750	-1.156
75.800	-0.982
75.850	-0.814
75.900	-0.653
75.950	-0.500
76.000	-0.353
76.050	-0.215
76.100	-0.083
76.150	0.041
76.200	0.157
76.250	0.267
76.300	0.368
76.350	0.459
76.400	0.537
76.450	0.602
76.500	0.647
76.550	0.671
76.600	0.669
76.650	0.642
76.700	0.587
76.750	0.504
76.800	0.391
76.850	0.248
76.900	0.079
76.950	-0.118
77.000	-0.336
77.050	-0.575
77.100	-0.828
77.150	-1.090
77.200	-1.356
77.250	-1.618
77.300	-1.871
77.350	-2.111
77.400	-2.333
77.450	-2.529
77.500	-2.695
77.550	-2.829
77.600	-2.928
77.650	-2.991
77.700	-3.018
77.750	-3.008
77.800	-2.966
77.850	-2.895
77.900	-2.796
77.950	-2.672
78.000	-2.531
78.050	-2.372
78.100	-2.202
78.150	-2.023
78.200	-1.843
78.250	-1.660
78.300	-1.478
78.350	-1.301
78.400	-1.129
78.450	-0.963
78.500	-0.803
78.550	-0.650
78.600	-0.506
78.650	-0.366
78.700	-0.236
78.750	-0.110
78.800	0.011
78.850	0.124
78.900	0.231
78.950	0.331
79.000	0.424
79.050	0.506
79.100	0.573
79.150	0.624
79.200	0.653
79.250	0.660
79.300	0.641
79.350	0.594
79.400	0.518
79.450	0.413
79.500	0.280
79.550	0.118
79.600	-0.071
79.650	-0.283
79.700	-0.515
79.750	-0.763
79.800	-1.021
79.850	-1.283
79.900	-1.546
79.950	-1.800
80.000	-2.042
80.050	-2.267
80.100	-2.468
80.150	-2.641
80.200	-2.782
80.250	-2.889
80.300	-2.959
80.350	-2.996
80.400	-2.996
80.450	-2.963
80.500	-2.901
80.550	-2.812
80.600	-2.697
80.650	-2.565
80.700	-2.414
80.750	-2.254
80.800	-2.084
80.850	-1.910
80.900	-1.736
80.950	-1.563
81.000	-1.392
81.050	-1.227
81.100	-1.068
81.150	-0.914
81.200	-0.768
81.250	-0.628
81.300	-0.495
81.350	-0.366
81.400	-0.242
81.450	-0.123
81.500	-0.008
81.550	0.104
81.600	0.210
81.650	0.313
81.700	0.407
81.750	0.492
81.800	0.562
81.850	0.617
81.900	0.650
81.950	0.660
82.000	0.642
82.050	0.597
82.100	0.522
82.150	0.418
82.200	0.283
82.250	0.118
82.300	-0.072
82.350	-0.286
82.400	-0.520
82.450	-0.770
82.500	-1.029
82.550	-1.293
82.600	-1.555
82.650	-1.810
82.700	-2.050
82.750	-2.275
82.800	-2.474
82.850	-2.645
82.900	-2.783
82.950	-2.887
83.000	-2.956
83.050	-2.989
83.100	-2.986
83.150	-2.952
83.200	-2.889
83.250	-2.798
83.300	-2.684
83.350	-2.553
83.400	-2.405
83.450	-2.246
83.500	-2.081
83.550	-1.913
83.600	-1.745
83.650	-1.579
83.700	-1.415
83.750	-1.258
83.800	-1.107
83.850	-0.963
83.900	-0.825
83.950	-0.693
84.000	-0.567
84.050	-0.445
84.100	-0.327
84.150	-0.212
84.200	-0.099
84.250	0.011
84.300	0.119
84.350	0.225
84.400	0.324
84.450	0.418
84.500	0.500
84.550	0.569
84.600	0.620
84.650	0.650
84.700	0.655
84.750	0.631
84.800	0.578
84.850	0.495
84.900	0.382
84.950	0.239
85.000	0.068
85.050	-0.130
85.100	-0.352
85.150	-0.591
85.200	-0.844
85.250	-1.106
85.300	-1.368
85.350	-1.629
85.400	-1.879
85.450	-2.113
85.500	-2.328
85.550	-2.518
85.600	-2.678
85.650	-2.805
85.700	-2.897
85.750	-2.953
85.800	-2.975
85.850	-2.963
85.900	-2.920
85.950	-2.849
86.000	-2.754
86.050	-2.637
86.100	-2.505
86.150	-2.359
86.200	-2.204
86.250	-2.045
86.300	-1.883
86.350	-1.725
86.400	-1.569
86.450	-1.417
86.500	-1.271
86.550	-1.133
86.600	-1.001
86.650	-0.873
86.700	-0.752
86.750	-0.636
86.800	-0.523
86.850	-0.412
86.900	-0.300
86.950	-0.190
87.000	-0.080
87.050	0.031
87.100	0.140
87.150	0.248
87.200	0.350
87.250	0.446
87.300	0.529
87.350	0.597
87.400	0.646
87.450	0.671
87.500	0.668
87.550	0.635
87.600	0.570
87.650	0.476
87.700	0.349
87.750	0.193
87.800	0.008
87.850	-0.203
87.900	-0.434
87.950	-0.682
88.000	-0.941
88.050	-1.205
88.100	-1.469
88.150	-1.725
88.200	-1.968
88.250	-2.194
88.300	-2.399
88.350	-2.575
88.400	-2.719
88.450	-2.829
88.500	-2.904
88.550	-2.944
88.600	-2.950
88.650	-2.923
88.700	-2.868
88.750	-2.788
88.800	-2.686
88.850	-2.565
88.900	-2.433
88.950	-2.290
89.000	-2.141
89.050	-1.990
89.100	-1.843
89.150	-1.696
89.200	-1.555
89.250	-1.420
89.300	-1.291
89.350	-1.169
89.400	-1.052
89.450	-0.941
89.500	-0.833
89.550	-0.727
89.600	-0.624
89.650	-0.518
89.700	-0.412
89.750	-0.303
89.800	-0.192
89.850	-0.077
89.900	0.039
89.950	0.157
90.000	0.272
90.050	0.382
90.100	0.484
90.150	0.572
90.200	0.641
90.250	0.688
90.300	0.708
90.350	0.697
90.400	0.655
90.450	0.580
90.500	0.470
90.550	0.330
90.600	0.157
90.650	-0.042
90.700	-0.267
90.750	-0.512
90.800	-0.770
90.850	-1.037
90.900	-1.307
90.950	-1.572
91.000	-1.827
91.050	-2.066
91.100	-2.284
91.150	-2.477
91.200	-2.639
91.250	-2.768
91.300	-2.860
91.350	-2.919
91.400	-2.941
91.450	-2.930
91.500	-2.889
91.550	-2.821
91.600	-2.730
91.650	-2.620
91.700	-2.498
91.750	-2.362
91.800	-2.221
91.850	-2.078
91.900	-1.935
91.950	-1.797
92.000	-1.663
92.050	-1.535
92.100	-1.414
92.150	-1.299
92.200	-1.191
92.250	-1.089
92.300	-0.991
92.350	-0.895
92.400	-0.800
92.450	-0.704
92.500	-0.606
92.550	-0.503
92.600	-0.396
92.650	-0.283
92.700	-0.163
92.750	-0.041
92.800	0.085
92.850	0.210
92.900	0.333
92.950	0.448
93.000	0.551
93.050	0.638
93.100	0.701
93.150	0.738
93.200	0.745
93.250	0.716
93.300	0.655
93.350	0.559
93.400	0.429
93.450	0.265
93.500	0.072
93.550	-0.148
93.600	-0.388
93.650	-0.646
93.700	-0.913
93.750	-1.184
93.800	-1.453
93.850	-1.714
93.900	-1.960
93.950	-2.187
94.000	-2.389
94.050	-2.562
94.100	-2.702
94.150	-2.805
94.200	-2.875
94.250	-2.908
94.300	-2.908
94.350	-2.876
94.400	-2.820
94.450	-2.738
94.500	-2.639
94.550	-2.524
94.600	-2.400
94.650	-2.268
94.700	-2.135
94.750	-2.003
94.800	-1.874
94.850	-1.751
94.900	-1.635
94.950	-1.527
95.000	-1.425
95.050	-1.330
95.100	-1.241
95.150	-1.155
95.200	-1.071
95.250	-0.988
95.300	-0.903
95.350	-0.815
95.400	-0.721
95.450	-0.619
95.500	-0.509
95.550	-0.390
95.600	-0.264
95.650	-0.130
95.700	0.008
95.750	0.148
95.800	0.286
95.850	0.418
95.900	0.540
95.950	0.644
96.000	0.727
96.050	0.782
96.100	0.806
96.150	0.795
96.200	0.748
96.250	0.664
96.300	0.545
96.350	0.391
96.400	0.204
96.450	-0.009
96.500	-0.247
96.550	-0.504
96.600	-0.773
96.650	-1.046
96.700	-1.319
96.750	-1.587
96.800	-1.839
96.850	-2.073
96.900	-2.286
96.950	-2.469
97.000	-2.620
97.050	-2.736
97.100	-2.816
97.150	-2.862
97.200	-2.873
97.250	-2.853
97.300	-2.804
97.350	-2.733
97.400	-2.644
97.450	-2.540
97.500	-2.425
97.550	-2.306
97.600	-2.183
97.650	-2.062
97.700	-1.946
97.750	-1.836
97.800	-1.734
97.850	-1.638
97.900	-1.550
97.950	-1.470
98.000	-1.395
98.050	-1.324
98.100	-1.255
98.150	-1.186
98.200	-1.114
98.250	-1.037
98.300	-0.952
98.350	-0.859
98.400	-0.756
98.450	-0.639
98.500	-0.514
98.550	-0.377
98.600	-0.231
98.650	-0.077
98.700	0.079
98.750	0.236
98.800	0.386
98.850	0.526
98.900	0.650
98.950	0.752
99.000	0.828
99.050	0.870
99.100	0.877
99.150	0.844
99.200	0.771
99.250	0.663
99.300	0.518
99.350	0.341
99.400	0.132
99.450	-0.102
99.500	-0.355
99.550	-0.624
99.600	-0.898
99.650	-1.175
99.700	-1.445
99.750	-1.704
99.800	-1.945
99.850	-2.165
99.900	-2.356
99.950	-2.518
100.000	-2.647
100.050	-2.739
100.100	-2.796
100.150	-2.820
100.200	-2.810
100.250	-2.772
100.300	-2.713
100.350	-2.633
100.400	-2.538
100.450	-2.435
100.500	-2.325
100.550	-2.213
100.600	-2.103
100.650	-2.000
100.700	-1.902
100.750	-1.814
100.800	-1.734
100.850	-1.662
100.900	-1.596
100.950	-1.536
101.000	-1.480
101.050	-1.425
101.100	-1.368
101.150	-1.308
101.200	-1.244
101.250	-1.170
101.300	-1.085
101.350	-0.988
101.400	-0.878
101.450	-0.754
101.500	-0.617
101.550	-0.468
101.600	-0.306
101.650	-0.140
101.700	0.033
101.750	0.204
101.800	0.371
101.850	0.526
101.900	0.666
101.950	0.782
102.000	0.870
102.050	0.925
102.100	0.942
102.150	0.920
102.200	0.858
102.250	0.757
102.300	0.619
102.350	0.446
102.400	0.243
102.450	0.014
102.500	-0.237
102.550	-0.503
102.600	-0.776
102.650	-1.051
102.700	-1.321
102.750	-1.580
102.800	-1.824
102.850	-2.044
102.900	-2.238
102.950	-2.405
103.000	-2.538
103.050	-2.637
103.100	-2.703
103.150	-2.735
103.200	-2.735
103.250	-2.708
103.300	-2.658
103.350	-2.590
103.400	-2.509
103.450	-2.417
103.500	-2.323
103.550	-2.226
103.600	-2.132
103.650	-2.044
103.700	-1.963
103.750	-1.893
103.800	-1.832
103.850	-1.778
103.900	-1.731
103.950	-1.689
104.000	-1.648
104.050	-1.608
104.100	-1.568
104.150	-1.521
104.200	-1.467
104.250	-1.403
104.300	-1.327
104.350	-1.238
104.400	-1.133
104.450	-1.013
104.500	-0.877
104.550	-0.726
104.600	-0.562
104.650	-0.386
104.700	-0.204
104.750	-0.017
104.800	0.168
104.850	0.349
104.900	0.518
104.950	0.669
105.000	0.798
105.050	0.898
105.100	0.966
105.150	0.996
105.200	0.985
105.250	0.933
105.300	0.842
105.350	0.713
105.400	0.551
105.450	0.358
105.500	0.138
105.550	-0.104
105.600	-0.360
105.650	-0.627
105.700	-0.895
105.750	-1.161
105.800	-1.415
105.850	-1.656
105.900	-1.877
105.950	-2.072
106.000	-2.242
106.050	-2.383
106.100	-2.491
106.150	-2.568
106.200	-2.614
106.250	-2.630
106.300	-2.617
106.350	-2.582
106.400	-2.531
106.450	-2.466
106.500	-2.392
106.550	-2.314
106.600	-2.235
106.650	-2.160
106.700	-2.089
106.750	-2.026
106.800	-1.971
106.850	-1.927
106.900	-1.891
106.950	-1.863
107.000	-1.839
107.050	-1.819
107.100	-1.797
107.150	-1.770
107.200	-1.737
107.250	-1.695
107.300	-1.641
107.350	-1.572
107.400	-1.488
107.450	-1.387
107.500	-1.269
107.550	-1.133
107.600	-0.982
107.650	-0.814
107.700	-0.635
107.750	-0.445
107.800	-0.248
107.850	-0.050
107.900	0.146
107.950	0.335
108.000	0.511
108.050	0.669
108.100	0.803
108.150	0.909
108.200	0.982
108.250	1.018
108.300	1.015
108.350	0.969
108.400	0.888
108.450	0.770
108.500	0.619
108.550	0.438
108.600	0.232
108.650	0.006
108.700	-0.234
108.750	-0.485
108.800	-0.740
108.850	-0.991
108.900	-1.235
108.950	-1.467
109.000	-1.681
109.050	-1.872
109.100	-2.040
109.150	-2.182
109.200	-2.297
109.250	-2.384
109.300	-2.444
109.350	-2.477
109.400	-2.485
109.450	-2.472
109.500	-2.443
109.550	-2.399
109.600	-2.348
109.650	-2.293
109.700	-2.237
109.750	-2.182
109.800	-2.133
109.850	-2.089
109.900	-2.055
109.950	-2.026
110.000	-2.006
110.050	-1.990
110.100	-1.981
110.150	-1.974
110.200	-1.967
110.250	-1.956
110.300	-1.938
110.350	-1.913
110.400	-1.874
110.450	-1.822
110.500	-1.753
110.550	-1.663
110.600	-1.557
110.650	-1.429
110.700	-1.283
110.750	-1.120
110.800	-0.942
110.850	-0.751
110.900	-0.551
110.950	-0.344
111.000	-0.138
111.050	0.066
111.100	0.262
111.150	0.446
111.200	0.611
111.250	0.754
111.300	0.869
111.350	0.953
111.400	1.004
111.450	1.016
111.500	0.990
111.550	0.927
111.600	0.831
111.650	0.704
111.700	0.548
111.750	0.369
111.800	0.171
111.850	-0.044
111.900	-0.270
111.950	-0.500
112.000	-0.730
112.050	-0.958
112.100	-1.177
112.150	-1.382
112.200	-1.571
112.250	-1.740
112.300	-1.888
112.350	-2.014
112.400	-2.116
112.450	-2.196
112.500	-2.256
112.550	-2.295
112.600	-2.317
112.650	-2.320
112.700	-2.311
112.750	-2.292
112.800	-2.267
112.850	-2.238
112.900	-2.212
112.950	-2.185
113.000	-2.163
113.050	-2.144
113.100	-2.130
113.150	-2.122
113.200	-2.116
113.250	-2.113
113.300	-2.111
113.350	-2.108
113.400	-2.100
113.450	-2.088
113.500	-2.067
113.550	-2.036
113.600	-1.993
113.650	-1.935
113.700	-1.863
113.750	-1.775
113.800	-1.670
113.850	-1.546
113.900	-1.404
113.950	-1.247
114.000	-1.078
114.050	-0.897
114.100	-0.705
114.150	-0.511
114.200	-0.311
114.250	-0.115
114.300	0.075
114.350	0.256
114.400	0.423
114.450	0.572
114.500	0.699
114.550	0.801
114.600	0.877
114.650	0.920
114.700	0.933
114.750	0.913
114.800	0.862
114.850	0.782
114.900	0.677
114.950	0.545
115.000	0.393
115.050	0.221
115.100	0.035
115.150	-0.163
115.200	-0.368
115.250	-0.573
115.300	-0.779
115.350	-0.980
115.400	-1.172
115.450	-1.352
115.500	-1.519
115.550	-1.668
115.600	-1.802
115.650	-1.915
115.700	-2.009
115.750	-2.086
115.800	-2.146
115.850	-2.191
115.900	-2.223
115.950	-2.240
116.000	-2.248
116.050	-2.248
116.100	-2.240
116.150	-2.231
116.200	-2.218
116.250	-2.205
116.300	-2.196
116.350	-2.188
116.400	-2.182
116.450	-2.179
116.500	-2.176
116.550	-2.172
116.600	-2.168
116.650	-2.161
116.700	-2.149
116.750	-2.128
116.800	-2.102
116.850	-2.062
116.900	-2.014
116.950	-1.953
117.000	-1.879
117.050	-1.791
117.100	-1.687
117.150	-1.568
117.200	-1.434
117.250	-1.286
117.300	-1.128
117.350	-0.960
117.400	-0.782
117.450	-0.602
117.500	-0.418
117.550	-0.236
117.600	-0.057
117.650	0.115
117.700	0.275
117.750	0.421
117.800	0.550
117.850	0.658
117.900	0.743
117.950	0.804
118.000	0.839
118.050	0.847
118.100	0.825
118.150	0.779
118.200	0.707
118.250	0.613
118.300	0.498
118.350	0.363
118.400	0.212
118.450	0.047
118.500	-0.127
118.550	-0.309
118.600	-0.495
118.650	-0.680
118.700	-0.864
118.750	-1.041
118.800	-1.210
118.850	-1.368
118.900	-1.514
118.950	-1.646
119.000	-1.762
119.050	-1.865
119.100	-1.949
119.150	-2.020
119.200	-2.078
119.250	-2.124
119.300	-2.158
119.350	-2.185
119.400	-2.204
119.450	-2.215
119.500	-2.221
119.550	-2.224
119.600	-2.223
119.650	-2.220
119.700	-2.216
119.750	-2.212
119.800	-2.207
119.850	-2.202
119.900	-2.198
119.950	-2.190
120.000	-2.182
120.050	-2.169
120.100	-2.152
120.150	-2.128
120.200	-2.097
120.250	-2.056
120.300	-2.006
120.350	-1.946
120.400	-1.874
120.450	-1.789
120.500	-1.692
120.550	-1.579
120.600	-1.455
120.650	-1.316
120.700	-1.169
120.750	-1.010
120.800	-0.845
120.850	-0.675
120.900	-0.501
120.950	-0.328
121.000	-0.157
121.050	0.008
121.100	0.163
121.150	0.309
121.200	0.440
121.250	0.553
121.300	0.647
121.350	0.719
121.400	0.770
121.450	0.793
121.500	0.793
121.550	0.768
121.600	0.721
121.650	0.650
121.700	0.559
121.750	0.449
121.800	0.322
121.850	0.181
121.900	0.025
121.950	-0.138
122.000	-0.309
122.050	-0.482
122.100	-0.658
122.150	-0.829
122.200	-0.997
122.250	-1.159
122.300	-1.310
122.350	-1.450
122.400	-1.579
122.450	-1.693
122.500	-1.794
122.550	-1.880
122.600	-1.954
122.650	-2.014
122.700	-2.064
122.750	-2.106
122.800	-2.138
122.850	-2.165
122.900	-2.183
122.950	-2.199
123.000	-2.210
123.050	-2.218
123.100	-2.223
123.150	-2.224
123.200	-2.226
123.250	-2.224
123.300	-2.221
123.350	-2.216
123.400	-2.210
123.450	-2.202
123.500	-2.190
123.550	-2.174
123.600	-2.152
123.650	-2.122
123.700	-2.086
123.750	-2.042
123.800	-1.989
123.850	-1.924
123.900	-1.850
123.950	-1.764
124.000	-1.665
124.050	-1.554
124.100	-1.431
124.150	-1.297
124.200	-1.153
124.250	-1.002
124.300	-0.844
124.350	-0.680
124.400	-0.515
124.450	-0.350
124.500	-0.188
124.550	-0.033
124.600	0.116
124.650	0.254
124.700	0.380
124.750	0.490
124.800	0.583
124.850	0.657
124.900	0.710
124.950	0.740
125.000	0.748
125.050	0.734
125.100	0.697
125.150	0.641
125.200	0.565
125.250	0.473
125.300	0.363
125.350	0.239
125.400	0.102
125.450	-0.046
125.500	-0.199
125.550	-0.360
125.600	-0.522
125.650	-0.683
125.700	-0.844
125.750	-1.001
125.800	-1.150
125.850	-1.290
125.900	-1.422
125.950	-1.543
126.000	-1.651
126.050	-1.748
126.100	-1.833
126.150	-1.905
126.200	-1.967
126.250	-2.018
126.300	-2.062
126.350	-2.100
126.400	-2.132
126.450	-2.158
126.500	-2.180
126.550	-2.199
126.600	-2.215
126.650	-2.227
126.700	-2.237
126.750	-2.243
126.800	-2.246
126.850	-2.246
126.900	-2.243
126.950	-2.237
127.000	-2.226
127.050	-2.210
127.100	-2.191
127.150	-2.166
127.200	-2.136
127.250	-2.099
127.300	-2.055
127.350	-2.001
127.400	-1.940
127.450	-1.871
127.500	-1.791
127.550	-1.700
127.600	-1.596
127.650	-1.483
127.700	-1.360
127.750	-1.228
127.800	-1.087
127.850	-0.941
127.900	-0.789
127.950	-0.635
128.000	-0.479
128.050	-0.325
128.100	-0.173
128.150	-0.028
128.200	0.110
128.250	0.237
128.300	0.353
128.350	0.456
128.400	0.542
128.450	0.611
128.500	0.661
128.550	0.691
128.600	0.701
128.650	0.690
128.700	0.658
128.750	0.609
128.800	0.542
128.850	0.459
128.900	0.361
128.950	0.248
129.000	0.126
129.050	-0.008
129.100	-0.151
129.150	-0.298
129.200	-0.449
129.250	-0.602
129.300	-0.754
129.350	-0.903
129.400	-1.049
129.450	-1.188
129.500	-1.318
129.550	-1.440
129.600	-1.554
129.650	-1.656
129.700	-1.747
129.750	-1.827
129.800	-1.896
129.850	-1.954
129.900	-2.006
129.950	-2.050
130.000	-2.089
130.050	-2.122
130.100	-2.150
130.150	-2.176
130.200	-2.198
130.250	-2.216
130.300	-2.232
130.350	-2.245
130.400	-2.254
130.450	-2.259
130.500	-2.260
130.550	-2.257
130.600	-2.249
130.650	-2.238
130.700	-2.223
130.750	-2.202
130.800	-2.176
130.850	-2.144
130.900	-2.106
130.950	-2.061
131.000	-2.009
131.050	-1.949
131.100	-1.880
131.150	-1.803
131.200	-1.717
131.250	-1.619
131.300	-1.513
131.350	-1.396
131.400	-1.271
131.450	-1.139
131.500	-1.001
131.550	-0.856
131.600	-0.710
131.650	-0.562
131.700	-0.413
131.750	-0.269
131.800	-0.127
131.850	0.008
131.900	0.134
131.950	0.250
132.000	0.355
132.050	0.448
132.100	0.525
132.150	0.586
132.200	0.628
132.250	0.653
132.300	0.660
132.350	0.646
132.400	0.616
132.450	0.567
132.500	0.506
132.550	0.427
132.600	0.336
132.650	0.234
132.700	0.119
132.750	-0.003
132.800	-0.134
132.850	-0.270
132.900	-0.410
132.950	-0.553
133.000	-0.694
133.050	-0.836
133.100	-0.974
133.150	-1.106
133.200	-1.233
133.250	-1.354
133.300	-1.466
133.350	-1.568
133.400	-1.662
133.450	-1.745
133.500	-1.821
133.550	-1.885
133.600	-1.942
133.650	-1.990
133.700	-2.034
133.750	-2.073
133.800	-2.108
133.850	-2.139
133.900	-2.168
133.950	-2.193
134.000	-2.215
134.050	-2.234
134.100	-2.249
134.150	-2.262
134.200	-2.270
134.250	-2.273
134.300	-2.271
134.350	-2.264
134.400	-2.253
134.450	-2.235
134.500	-2.213
134.550	-2.185
134.600	-2.152
134.650	-2.113
134.700	-2.067
134.750	-2.015
134.800	-1.956
134.850	-1.890
134.900	-1.816
134.950	-1.733
135.000	-1.640
135.050	-1.539
135.100	-1.429
135.150	-1.312
135.200	-1.188
135.250	-1.057
135.300	-0.922
135.350	-0.784
135.400	-0.644
135.450	-0.504
135.500	-0.364
135.550	-0.229
135.600	-0.097
135.650	0.027
135.700	0.141
135.750	0.248
135.800	0.344
135.850	0.426
135.900	0.495
135.950	0.550
136.000	0.587
136.050	0.609
136.100	0.614
136.150	0.602
136.200	0.575
136.250	0.533
136.300	0.476
136.350	0.407
136.400	0.327
136.450	0.236
136.500	0.134
136.550	0.024
136.600	-0.094
136.650	-0.217
136.700	-0.344
136.750	-0.474
136.800	-0.606
136.850	-0.738
136.900	-0.869
136.950	-0.994
137.000	-1.118
137.050	-1.236
137.100	-1.348
137.150	-1.451
137.200	-1.549
137.250	-1.638
137.300	-1.718
137.350	-1.792
137.400	-1.857
137.450	-1.913
137.500	-1.963
137.550	-2.009
137.600	-2.050
137.650	-2.088
137.700	-2.122
137.750	-2.154
137.800	-2.182
137.850	-2.209
137.900	-2.231
137.950	-2.249
138.000	-2.265
138.050	-2.276
138.100	-2.282
138.150	-2.282
138.200	-2.278
138.250	-2.268
138.300	-2.253
138.350	-2.231
138.400	-2.205
138.450	-2.174
138.500	-2.136
138.550	-2.094
138.600	-2.045
138.650	-1.990
138.700	-1.929
138.750	-1.861
138.800	-1.788
138.850	-1.706
138.900	-1.615
138.950	-1.516
139.000	-1.411
139.050	-1.297
139.100	-1.180
139.150	-1.057
139.200	-0.928
139.250	-0.800
139.300	-0.668
139.350	-0.536
139.400	-0.405
139.450	-0.278
139.500	-0.154
139.550	-0.036
139.600	0.075
139.650	0.178
139.700	0.270
139.750	0.353
139.800	0.424
139.850	0.482
139.900	0.528
139.950	0.558
140.000	0.573
140.050	0.573
140.100	0.559
140.150	0.529
140.200	0.489
140.250	0.435
140.300	0.371
140.350	0.295
140.400	0.210
140.450	0.116
140.500	0.014
140.550	-0.096
140.600	-0.210
140.650	-0.330
140.700	-0.452
140.750	-0.575
140.800	-0.699
140.850	-0.823
140.900	-0.944
140.950	-1.062
141.000	-1.177
141.050	-1.285
141.100	-1.387
141.150	-1.484
141.200	-1.574
141.250	-1.656
141.300	-1.731
141.350	-1.800
141.400	-1.860
141.450	-1.915
141.500	-1.963
141.550	-2.007
141.600	-2.048
141.650	-2.086
141.700	-2.122
141.750	-2.155
141.800	-2.185
141.850	-2.212
141.900	-2.237
141.950	-2.256
142.000	-2.273
142.050	-2.284
142.100	-2.289
142.150	-2.290
142.200	-2.286
142.250	-2.275
142.300	-2.259
142.350	-2.237
142.400	-2.210
142.450	-2.180
142.500	-2.143
142.550	-2.102
142.600	-2.053
142.650	-2.001
142.700	-1.943
142.750	-1.879
142.800	-1.808
142.850	-1.731
142.900	-1.648
142.950	-1.555
143.000	-1.456
143.050	-1.351
143.100	-1.241
143.150	-1.126
143.200	-1.007
143.250	-0.886
143.300	-0.762
143.350	-0.638
143.400	-0.514
143.450	-0.391
143.500	-0.272
143.550	-0.157
143.600	-0.047
143.650	0.058
143.700	0.154
143.750	0.242
143.800	0.320
143.850	0.388
143.900	0.445
143.950	0.490
144.000	0.522
144.050	0.540
144.100	0.545
144.150	0.537
144.200	0.515
144.250	0.482
144.300	0.437
144.350	0.382
144.400	0.317
144.450	0.242
144.500	0.159
144.550	0.066
144.600	-0.033
144.650	-0.138
144.700	-0.248
144.750	-0.363
144.800	-0.481
144.850	-0.598
144.900	-0.716
144.950	-0.834
145.000	-0.950
145.050	-1.063
145.100	-1.172
145.150	-1.277
145.200	-1.376
145.250	-1.469
145.300	-1.555
145.350	-1.635
145.400	-1.709
145.450	-1.775
145.500	-1.836
145.550	-1.890
145.600	-1.938
145.650	-1.982
145.700	-2.023
145.750	-2.062
145.800	-2.099
145.850	-2.132
145.900	-2.163
145.950	-2.193
146.000	-2.220